start of the program at 2023_05_04_15_36_13

side margin low is: 800 || side mrgin high is 1500 || border front is 500

0.1: tello takeoff
8.35: [1369, 2549, 3062]
8.48: [1370, 2422, 3044]
8.6: [1365, 2484, 3060]
8.71: [1366, 2309, 3060]
8.83: [1362, 2446, 3071]
8.96: [1359, 2499, 3068]
9.08: [1358, 2397, 3077]
9.19: [1353, 1868, 3070]
9.3: [1362, 2442, 3080]
9.42: [1362, 2657, 3073]
9.55: [1365, 2458, 3074]
9.67: [1362, 2506, 3085]
9.78: [1363, 2764, 3075]
9.91: [1358, 2461, 3070]
10.04: [1360, 2412, 3075]
10.15: [1366, 2429, 3071]
10.26: [1367, 2585, 3071]
10.38: [1374, 2503, 3063]
10.51: [1367, 1987, 3060]
10.63: [1358, 2497, 3050]
10.75: [1356, 2434, 3049]
10.86: [1336, 2541, 3027]
10.98: [1329, 2530, 3036]
11.1: [1318, 2692, 3001]
11.22: [1299, 2597, 2996]
11.33: [1276, 2496, 2997]
11.44: [1268, 2635, 3007]
11.55: [1241, 2605, 2994]
11.68: [1228, 2679, 2995]
11.79: [1196, 2540, 2985]
11.91: [1179, 2374, 2967]
12.03: [1163, 2516, 2962]
12.15: [1132, 2534, 2951]
12.27: [1118, 2383, 2956]
12.39: [1106, 2516, 2964]
12.51: [1083, 2327, 2937]
12.64: [1039, 2476, 2925]
12.76: [1016, 2476, 2930]
12.87: [1003, 2319, 2908]
12.98: [975, 2614, 2917]
13.11: [942, 2714, 2913]
13.23: [927, 2427, 2907]
13.36: [880, 2572, 2895]
13.48: [872, 2708, 2890]
13.6: [856, 2673, 2880]
13.73: [840, 2189, 2865]
13.85: [822, 2942, 2860]
13.98: [804, 2508, 2873]
14.1: [755, 1956, 2849]
14.21: [745, 2548, 2848]
14.34: [733, 2430, 2846]
14.46: [713, 2800, 2849]
14.58: [690, 2718, 2858]
14.7: [675, 2637, 2850]
14.83: [630, 2780, 2864]
14.96: [578, 2056, 2839]
15.09: [567, 2771, 2835]
15.21: [550, 2750, 2835]
15.33: [536, 2569, 2836]
15.44: [494, 2819, 2835]
15.44: rotating left
17.92: go against wall
18.03: [2749, 4156, 695, 2749.0, 4156.0, 695.0]
18.13: [2889, 4164, 691, 2819.0, 4160.0, 693.0]
18.25: [2690, 4164, 686, 2776.0, 4161.333333333333, 690.6666666666666]
18.36: [2722, 4168, 842, 2762.5, 4163.0, 728.5]
18.48: [2534, 4166, 674, 2716.8, 4163.6, 717.6]
18.59: [2805, 4171, 679, 2731.5, 4164.833333333333, 711.1666666666666]
18.71: [2775, 4169, 674, 2737.714285714286, 4165.428571428572, 705.8571428571429]
18.84: [2510, 4187, 659, 2709.25, 4168.125, 700.0]
18.96: [2672, 4188, 679, 2705.1111111111113, 4170.333333333333, 697.6666666666666]
19.09: [2845, 4191, 638, 2719.1, 4172.4, 691.7]
19.2: [2690, 4189, 639, 2716.4545454545455, 4173.909090909091, 686.9090909090909]
19.32: [2720, 4181, 668, 2716.75, 4174.5, 685.3333333333334]
19.42: [2578, 4149, 658, 2706.076923076923, 4172.538461538462, 683.2307692307693]
19.55: [2757, 4158, 671, 2709.714285714286, 4171.5, 682.3571428571429]
19.67: [2266, 4134, 673, 2680.133333333333, 4169.0, 681.7333333333333]
19.78: [2255, 4113, 694, 2647.2, 4166.133333333333, 681.6666666666666]
19.9: [2868, 4071, 731, 2645.8, 4159.933333333333, 684.3333333333334]
20.01: [2018, 4079, 763, 2601.0, 4154.266666666666, 689.4666666666667]
20.13: [2464, 4055, 805, 2583.8, 4146.733333333334, 687.0]
20.25: [2537, 3451, 826, 2584.0, 4099.066666666667, 697.1333333333333]
20.37: [2516, 3742, 843, 2564.733333333333, 4070.4666666666667, 708.0666666666667]
20.47: [2533, 3846, 858, 2548.6, 4048.9333333333334, 720.3333333333334]
20.59: [2665, 3849, 873, 2558.9333333333334, 4026.4, 734.6]
20.71: [2596, 3414, 941, 2553.866666666667, 3974.8, 752.0666666666667]
20.83: [2596, 3414, 941, 2537.266666666667, 3923.0, 772.2666666666667]
20.96: [2026, 3262, 966, 2493.0, 3861.2, 794.0666666666667]
21.07: [2096, 3288, 969, 2451.4, 3801.6666666666665, 814.1333333333333]
21.19: [2073, 3252, 999, 2417.733333333333, 3741.866666666667, 836.8666666666667]
21.31: [2204, 3254, 1005, 2380.866666666667, 3681.6, 859.1333333333333]
21.43: [2031, 3241, 998, 2365.2, 3622.0666666666666, 880.8]
21.55: [2137, 3189, 1040, 2357.3333333333335, 3560.4666666666667, 903.8666666666667]
21.66: [2040, 3214, 1037, 2302.133333333333, 3503.3333333333335, 924.2666666666667]
21.77: [1945, 3211, 1043, 2297.266666666667, 3445.4666666666667, 942.9333333333333]
21.89: [2044, 3200, 1056, 2269.266666666667, 3388.4666666666667, 959.6666666666666]
22.02: [1975, 2103, 1062, 2231.8, 3298.6, 975.4]
22.15: [1818, 3620, 1068, 2185.266666666667, 3290.4666666666667, 990.4]
22.26: [1778, 3611, 1089, 2134.9333333333334, 3274.8, 1005.8]
22.39: [1690, 3234, 1086, 2069.9333333333334, 3233.8, 1020.0]
22.51: [1724, 3697, 1088, 2011.8, 3252.6666666666665, 1029.8]
22.63: [1719, 3741, 1095, 1953.3333333333333, 3274.4666666666667, 1040.0666666666666]
22.75: [1701, 3751, 1100, 1931.6666666666667, 3307.0666666666666, 1049.0]
22.87: [1559, 3758, 1095, 1895.8666666666666, 3338.4, 1057.4]
22.98: [1589, 3748, 1097, 1863.6, 3371.4666666666667, 1063.9333333333334]
23.1: [1466, 3759, 1097, 1814.4, 3405.133333333333, 1070.0666666666666]
23.22: [1401, 3756, 1090, 1772.4, 3439.4666666666667, 1076.2]
23.34: [1280, 3735, 1094, 1715.2666666666667, 3475.866666666667, 1079.8]
23.45: [1331, 3691, 1095, 1668.0, 3507.6666666666665, 1083.6666666666667]
23.56: [1216, 3680, 1093, 1619.4, 3538.9333333333334, 1087.0]
23.67: [1644, 3716, 1091, 1592.7333333333333, 3573.3333333333335, 1089.3333333333333]
23.79: [1328, 3723, 1080, 1549.6, 3681.3333333333335, 1090.5333333333333]
23.91: [1145, 3727, 1084, 1504.7333333333333, 3688.4666666666667, 1091.6]
24.03: [1114, 3723, 1091, 1460.4666666666667, 3695.9333333333334, 1091.7333333333333]
24.16: [1313, 3714, 1088, 1435.3333333333333, 3727.9333333333334, 1091.8666666666666]
24.27: [1311, 3720, 1082, 1407.8, 3729.4666666666667, 1091.4666666666667]
24.4: [847, 3723, 1084, 1349.6666666666667, 3728.266666666667, 1090.7333333333333]
24.52: [1114, 3725, 1083, 1310.5333333333333, 3726.5333333333333, 1089.6]
24.64: [1087, 3729, 1096, 1279.0666666666666, 3724.6, 1089.6666666666667]
24.76: [1448, 3717, 1107, 1269.6666666666667, 3722.5333333333333, 1090.3333333333333]
24.89: [864, 3723, 1098, 1229.5333333333333, 3720.133333333333, 1090.4]
25.02: [656, 3671, 1088, 1179.8666666666666, 3714.4666666666667, 1090.2666666666667]
25.15: [734, 3725, 1085, 1143.4666666666667, 3713.8, 1089.6666666666667]
25.27: [788, 3725, 1093, 1107.2666666666667, 3716.0666666666666, 1089.5333333333333]
25.4: [803, 3713, 1088, 1079.7333333333333, 3718.266666666667, 1089.2]
25.53: [605, 3723, 1085, 1010.4666666666667, 3718.733333333333, 1088.8]
25.65: [407, 3727, 1088, 949.0666666666667, 3719.0, 1089.3333333333333]
25.78: [306, 3730, 1087, 893.1333333333333, 3719.2, 1089.5333333333333]
25.9: [663, 3733, 1091, 863.0666666666667, 3719.866666666667, 1089.5333333333333]
26.02: [1210, 3723, 1082, 856.2, 3720.4666666666667, 1089.1333333333334]
26.14: [937, 3745, 1078, 831.2666666666667, 3722.133333333333, 1088.8666666666666]
26.26: [395, 3748, 1363, 801.1333333333333, 3723.8, 1107.4666666666667]
26.38: [535, 3758, 1341, 762.5333333333333, 3726.0, 1124.6666666666667]
26.5: [338, 3751, 1584, 712.6, 3727.4666666666667, 1157.2]
26.6: [400, 3738, 1798, 642.7333333333333, 3728.866666666667, 1203.2666666666667]
26.71: [400, 3738, 1798, 611.8, 3729.866666666667, 1249.9333333333334]
26.84: [309, 3746, 1810, 588.6666666666666, 3734.866666666667, 1298.0666666666666]
26.97: [804, 3748, 1913, 593.3333333333334, 3736.4, 1353.2666666666667]
27.09: [337, 3757, 1848, 563.2666666666667, 3738.5333333333333, 1403.6]
27.2: [353, 3783, 1811, 533.2666666666667, 3743.2, 1451.8]
27.33: [3533, 3796, 1802, 728.4666666666667, 3748.0666666666666, 1499.6]
27.46: [126, 3808, 1901, 709.7333333333333, 3753.4666666666667, 1553.8]
27.57: [4194, 3826, 1742, 968.9333333333333, 3759.866666666667, 1597.4666666666667]
27.68: [4038, 3843, 1865, 1193.9333333333334, 3767.2, 1649.0666666666666]
27.79: [4458, 3851, 1700, 1410.4666666666667, 3775.733333333333, 1690.2666666666667]
27.92: [4413, 3886, 1793, 1642.2, 3785.133333333333, 1737.9333333333334]
28.05: [4182, 3947, 1609, 1894.6666666666667, 3798.4, 1754.3333333333333]
28.16: [533, 3974, 1580, 1894.5333333333333, 3812.8, 1770.2666666666667]
28.27: [4287, 3999, 1535, 2157.8, 3829.3333333333335, 1767.0]
28.37: [4333, 4037, 1089, 2420.0, 3849.266666666667, 1719.7333333333333]
28.49: [4351, 4052, 938, 2683.4, 3870.2, 1662.4]
28.61: [4290, 4088, 843, 2948.8, 3893.0, 1597.9333333333334]
28.74: [4309, 4119, 778, 3182.4666666666667, 3917.733333333333, 1522.2666666666667]
28.86: [4293, 4186, 701, 3446.2, 3946.3333333333335, 1445.8]
28.99: [4239, 4212, 651, 3705.266666666667, 3974.9333333333334, 1368.4666666666667]
29.12: [4173, 4217, 628, 3747.9333333333334, 4003.0, 1290.2]
29.25: [4219, 4220, 607, 4020.8, 4030.4666666666667, 1203.9333333333334]
29.37: [4066, 4271, 591, 4012.266666666667, 4060.133333333333, 1127.2]
29.49: [4158, 4289, 572, 4020.266666666667, 4089.866666666667, 1041.0]
29.62: [4076, 4249, 571, 3994.8, 4116.4, 965.7333333333333]
29.74: [3983, 4264, 571, 3966.133333333333, 4141.6, 884.2666666666667]
29.85: [3964, 4297, 555, 3951.6, 4164.933333333333, 814.0]
29.97: [4000, 4377, 567, 4182.733333333334, 4191.8, 746.4666666666667]
30.08: [3950, 4215, 586, 4160.266666666666, 4206.2, 683.2]
30.2: [3885, 3458, 625, 4130.4, 4167.6, 652.2666666666667]
30.33: [3779, 3903, 619, 4092.266666666667, 4157.666666666667, 631.0]
30.46: [3757, 4236, 677, 4056.733333333333, 4167.533333333334, 619.9333333333333]
30.57: [3768, 3595, 702, 4020.6666666666665, 4132.6, 614.8666666666667]
30.68: [3653, 3573, 731, 3978.0, 4091.733333333333, 616.8666666666667]
30.81: [3626, 3549, 734, 3937.133333333333, 4047.5333333333333, 622.4]
30.92: [3624, 3506, 762, 3900.5333333333333, 4000.133333333333, 631.3333333333334]
31.04: [3551, 3460, 786, 3856.0, 3949.4666666666667, 643.2666666666667]
31.17: [3523, 3442, 852, 3819.8, 3894.2, 660.6666666666666]
31.29: [3483, 3410, 878, 3774.8, 3835.6, 681.0666666666667]
31.41: [3446, 3387, 899, 3732.8, 3778.133333333333, 702.9333333333333]
31.54: [3450, 3373, 922, 3697.266666666667, 3718.733333333333, 726.3333333333334]
31.66: [3381, 3358, 949, 3658.4, 3656.133333333333, 752.6]
31.77: [3350, 3483, 982, 3615.0666666666666, 3596.5333333333333, 780.2666666666667]
31.89: [3268, 3615, 1121, 3569.6, 3556.5333333333333, 815.9333333333333]
32.02: [3269, 3669, 1050, 3528.5333333333333, 3570.6, 844.2666666666667]
32.15: [3207, 3597, 1057, 3490.4, 3550.2, 873.4666666666667]
32.28: [3200, 3482, 1062, 3453.266666666667, 3499.9333333333334, 899.1333333333333]
32.4: [3166, 3501, 1077, 3413.133333333333, 3493.6666666666665, 924.1333333333333]
32.52: [3086, 3492, 1089, 3375.3333333333335, 3488.266666666667, 948.0]
32.64: [3086, 3492, 1089, 3339.3333333333335, 3484.4666666666667, 971.6666666666666]
32.75: [3078, 3606, 1089, 3302.9333333333334, 3491.133333333333, 993.4666666666667]
32.87: [3042, 3621, 1093, 3269.0, 3501.866666666667, 1013.9333333333333]
32.99: [3034, 3504, 1089, 3236.4, 3506.0, 1029.7333333333333]
33.1: [3018, 3547, 1084, 3205.4, 3515.133333333333, 1043.4666666666667]
33.21: [3006, 3452, 1084, 3176.0666666666666, 3519.4666666666667, 1055.8]
33.33: [2945, 3538, 1071, 3142.4, 3530.4666666666667, 1065.7333333333333]
33.45: [2914, 3534, 1067, 3111.266666666667, 3542.2, 1073.6]
33.57: [2894, 3626, 1067, 3080.866666666667, 3551.733333333333, 1079.2666666666667]
33.69: [2885, 3650, 1060, 3055.3333333333335, 3554.0666666666666, 1075.2]
33.8: [2871, 3789, 1059, 3028.8, 3562.0666666666666, 1075.8]
33.91: [2846, 3787, 1053, 3004.733333333333, 3574.733333333333, 1075.5333333333333]
34.03: [2832, 3444, 1050, 2980.2, 3572.2, 1074.7333333333333]
34.15: [2813, 3655, 1037, 2956.6666666666665, 3582.4666666666667, 1072.0666666666666]
34.26: [2757, 3582, 1023, 2934.733333333333, 3588.4666666666667, 1067.6666666666667]
34.36: [2737, 3665, 1004, 2911.4666666666667, 3600.0, 1062.0]
34.49: [2739, 3680, 996, 2888.866666666667, 3604.9333333333334, 1055.8]
34.61: [2711, 3643, 986, 2866.8, 3606.4, 1048.6666666666667]
34.73: [2711, 3651, 991, 2845.266666666667, 3616.2, 1042.1333333333334]
34.84: [2707, 3711, 996, 2824.5333333333333, 3627.133333333333, 1036.2666666666667]
34.95: [2707, 3647, 997, 2804.6, 3640.133333333333, 1030.4666666666667]
35.08: [2698, 3669, 991, 2788.133333333333, 3648.866666666667, 1025.1333333333334]
35.2: [2683, 3647, 995, 2772.733333333333, 3656.4, 1020.3333333333334]
35.33: [2689, 3660, 995, 2759.0666666666666, 3658.6666666666665, 1015.5333333333333]
35.45: [2686, 3707, 996, 2745.8, 3662.4666666666667, 1011.2666666666667]
35.57: [2695, 3687, 996, 2734.0666666666666, 3655.6666666666665, 1007.0666666666667]
35.68: [2682, 3645, 995, 2723.133333333333, 3646.2, 1003.2]
35.8: [2701, 3661, 998, 2714.4, 3660.6666666666665, 999.7333333333333]
35.91: [2697, 3515, 993, 2706.6666666666665, 3651.3333333333335, 996.8]
36.03: [2695, 3593, 997, 2702.5333333333333, 3652.0666666666666, 995.0666666666667]
36.15: [2685, 3658, 995, 2699.0666666666666, 3651.6, 994.4666666666667]
36.26: [2706, 3636, 996, 2696.866666666667, 3648.6666666666665, 994.4666666666667]
36.37: [2695, 3706, 1000, 2695.8, 3652.866666666667, 995.4]
36.5: [2692, 3625, 994, 2694.5333333333333, 3651.133333333333, 995.6]
36.62: [2694, 3638, 996, 2693.6666666666665, 3646.266666666667, 995.6]
36.74: [2691, 3708, 993, 2692.6, 3650.3333333333335, 995.3333333333334]
36.87: [2693, 3643, 998, 2692.266666666667, 3648.6, 995.8]
37.0: [2689, 3672, 993, 2692.6666666666665, 3650.266666666667, 995.6666666666666]
37.12: [2696, 3640, 998, 2693.133333333333, 3648.9333333333334, 995.8666666666667]
37.23: [2690, 3617, 994, 2693.4, 3642.9333333333334, 995.7333333333333]
37.34: [2687, 3698, 996, 2692.866666666667, 3643.6666666666665, 995.7333333333333]
37.45: [2705, 3726, 999, 2694.4, 3649.0666666666666, 996.0]
37.56: [2692, 3652, 997, 2693.8, 3648.4666666666667, 995.9333333333333]
37.68: [2684, 3640, 996, 2692.9333333333334, 3656.8, 996.1333333333333]
37.78: [2700, 3641, 998, 2693.266666666667, 3660.0, 996.2]
37.91: [2703, 3609, 997, 2694.4666666666667, 3656.733333333333, 996.3333333333334]
38.04: [2685, 3630, 996, 2693.0666666666666, 3656.3333333333335, 996.3333333333334]
38.17: [2691, 3681, 996, 2692.8, 3654.6666666666665, 996.0666666666667]
38.28: [2692, 3629, 997, 2692.8, 3654.9333333333334, 996.2666666666667]
38.41: [2698, 3757, 997, 2693.0666666666666, 3662.866666666667, 996.3333333333334]
38.54: [2685, 3624, 995, 2692.6666666666665, 3657.266666666667, 996.4666666666667]
38.66: [2689, 3708, 1000, 2692.4, 3661.6, 996.6]
38.77: [2683, 3651, 999, 2692.0, 3660.2, 997.0]
38.88: [2702, 3641, 997, 2692.4, 3660.266666666667, 996.9333333333333]
39.0: [2683, 516, 999, 2691.9333333333334, 3453.5333333333333, 997.2666666666667]
39.13: [2692, 369, 999, 2692.266666666667, 3231.6, 997.4666666666667]
39.25: [2691, 331, 997, 2691.3333333333335, 3005.266666666667, 997.3333333333334]
39.36: [2708, 334, 997, 2692.4, 2784.0666666666666, 997.3333333333334]
39.47: [2705, 338, 997, 2693.8, 2563.9333333333334, 997.4]
39.58: [2688, 342, 996, 2693.0, 2344.0, 997.2666666666667]
39.71: [2692, 336, 996, 2692.266666666667, 2125.8, 997.2]
39.83: [2693, 338, 998, 2692.8, 1906.3333333333333, 997.3333333333334]
39.94: [2691, 337, 996, 2692.8, 1683.4, 997.3333333333334]
40.06: [2706, 337, 998, 2693.733333333333, 1463.9333333333334, 997.4]
40.17: [2696, 329, 992, 2693.6, 1235.4, 997.0666666666667]
40.27: [2688, 326, 994, 2693.8, 1015.5333333333333, 997.0]
40.4: [632, 318, 997, 2556.6666666666665, 789.5333333333333, 996.8]
40.53: [279, 325, 775, 2396.4, 567.8, 981.8666666666667]
40.66: [1004, 326, 1085, 2283.2, 346.8, 987.7333333333333]
40.77: [1835, 319, 1429, 2226.6666666666665, 333.6666666666667, 1016.4]
40.88: [1618, 281, 1979, 2155.0666666666666, 327.8, 1081.7333333333333]
40.99: [1478, 249, 2295, 2074.2, 322.3333333333333, 1168.2666666666667]
41.1: [1419, 164, 3349, 1988.2666666666667, 311.0, 1325.0666666666666]
41.21: [1387, 182, 2735, 1900.4, 300.6, 1440.9333333333334]
41.33: [1845, 271, 1284, 1844.2, 295.8666666666667, 1460.1333333333334]
41.45: [1797, 229, 1588, 1784.5333333333333, 288.73333333333335, 1499.6]
41.57: [2538, 231, 3076, 1774.2, 281.6, 1638.1333333333334]
41.68: [1253, 225, 2971, 1678.3333333333333, 274.1333333333333, 1769.8]
41.79: [1199, 264, 3010, 1577.8666666666666, 269.26666666666665, 1903.9333333333334]
41.91: [2127, 284, 3041, 1539.9333333333334, 266.26666666666665, 2040.5333333333333]
42.03: [2013, 231, 3006, 1494.9333333333334, 259.93333333333334, 2174.6666666666665]
42.15: [1995, 178, 3179, 1585.8, 250.6, 2320.133333333333]
42.27: [1259, 161, 3058, 1651.1333333333334, 239.66666666666666, 2472.3333333333335]
42.39: [1356, 246, 3318, 1674.6, 234.33333333333334, 2621.2]
42.5: [1407, 187, 2344, 1646.0666666666666, 225.53333333333333, 2682.2]
42.6: [1623, 153, 2061, 1646.4, 217.0, 2687.6666666666665]
42.72: [1408, 133, 1822, 1641.7333333333333, 209.26666666666668, 2656.133333333333]
42.84: [1299, 198, 1633, 1633.7333333333333, 211.53333333333333, 2541.733333333333]
42.95: [1520, 241, 2592, 1642.6, 215.46666666666667, 2532.2]
43.08: [1444, 279, 2795, 1615.8666666666666, 216.0, 2632.9333333333334]
43.21: [1353, 283, 2286, 1586.2666666666667, 219.6, 2679.4666666666667]
43.33: [1459, 244, 2929, 1514.3333333333333, 220.46666666666667, 2669.6666666666665]
43.45: [1620, 228, 3326, 1538.8, 220.66666666666666, 2693.3333333333335]
43.58: [1729, 199, 3023, 1574.1333333333334, 216.33333333333334, 2694.2]
43.7: [1440, 190, 2375, 1528.3333333333333, 210.06666666666666, 2649.8]
43.82: [1144, 197, 2221, 1470.4, 207.8, 2597.4666666666667]
43.95: [1248, 192, 1955, 1420.6, 208.73333333333332, 2515.866666666667]
44.07: [1433, 236, 2501, 1432.2, 213.73333333333332, 2478.733333333333]
44.2: [1349, 394, 1999, 1431.7333333333333, 223.6, 2390.8]
44.32: [1349, 394, 1999, 1427.8666666666666, 237.4, 2367.8]
44.45: [1168, 418, 1340, 1397.5333333333333, 255.06666666666666, 2319.733333333333]
44.58: [2248, 966, 1225, 1453.5333333333333, 310.6, 2279.9333333333334]
44.7: [2088, 561, 1404, 1506.1333333333334, 334.8, 2264.6666666666665]
44.82: [1625, 420, 2594, 1513.1333333333334, 346.73333333333335, 2264.8]
44.95: [1387, 293, 2394, 1509.3333333333333, 347.6666666666667, 2238.0666666666666]
45.07: [1057, 201, 2277, 1489.6, 342.2, 2237.4666666666667]
45.17: [1286, 164, 2992, 1478.0666666666666, 336.8666666666667, 2241.6666666666665]
45.28: [1286, 164, 1999, 1455.8, 332.6, 2153.2]
45.4: [839, 221, 1292, 1396.4666666666667, 334.06666666666666, 2037.8]
45.63: [660, 245, 898, 1344.4666666666667, 337.73333333333335, 1939.3333333333333]
45.75: [633, 241, 1153, 1310.4, 340.6666666666667, 1868.1333333333334]
45.86: [633, 241, 1153, 1269.4, 343.93333333333334, 1814.6666666666667]
46.07: [2186, 227, 2019, 1319.6, 343.3333333333333, 1782.5333333333333]
46.29: [1196, 146, 1697, 1309.4, 326.8, 1762.4]
46.39: [2241, 147, 279, 1368.8666666666666, 310.3333333333333, 1647.7333333333333]
46.52: [2241, 147, 279, 1440.4, 292.26666666666665, 1577.0]
46.65: [143, 125, 781, 1300.0666666666666, 236.2, 1547.4]
46.87: [1296, 111, 721, 1247.2666666666667, 206.2, 1501.8666666666666]
46.99: [115, 97, 455, 1146.6, 184.66666666666666, 1359.2666666666667]
47.09: [339, 107, 450, 1076.7333333333333, 172.26666666666668, 1229.6666666666667]
47.22: [502, 110, 158, 1039.7333333333333, 166.2, 1088.4]
47.35: [549, 106, 4462, 990.6, 162.33333333333334, 1186.4]
47.46: [519, 101, 4666, 939.4666666666667, 158.13333333333333, 1364.2]
47.59: [104, 87, 4211, 890.4666666666667, 149.2, 1558.8]
47.72: [118, 97, 4083, 854.3333333333334, 139.33333333333334, 1771.1333333333334]
47.85: [120, 114, 3667, 820.1333333333333, 130.86666666666667, 1938.7333333333333]
47.96: [510, 119, 3564, 811.9333333333333, 122.73333333333333, 2099.4666666666667]
48.09: [244, 108, 2037, 682.4666666666667, 114.8, 2100.6666666666665]
48.21: [903, 110, 3767, 662.9333333333333, 112.4, 2238.6666666666665]
48.33: [1647, 106, 1742, 623.3333333333334, 109.66666666666667, 2336.2]
48.44: [1867, 109, 4054, 598.4, 107.13333333333334, 2587.866666666667]
48.55: [1635, 114, 3841, 697.8666666666667, 106.4, 2791.866666666667]
48.67: [1054, 120, 3785, 681.7333333333333, 107.0, 2996.133333333333]
48.78: [1727, 105, 4156, 789.2, 107.53333333333333, 3242.866666666667]
48.91: [1580, 110, 3472, 871.9333333333333, 107.73333333333333, 3444.3333333333335]
49.04: [1107, 114, 2961, 912.2666666666667, 108.0, 3631.2]
49.14: [1315, 111, 3753, 963.3333333333334, 108.33333333333333, 3583.9333333333334]
49.25: [1605, 103, 4319, 1035.7333333333333, 108.46666666666667, 3560.8]
49.37: [1956, 110, 1058, 1159.2, 110.0, 3350.6]
49.5: [2169, 114, 3741, 1295.9333333333334, 111.13333333333334, 3327.8]
49.62: [2385, 113, 3571, 1446.9333333333334, 111.06666666666666, 3321.4]
49.72: [1369, 110, 3706, 1504.2, 110.46666666666667, 3330.866666666667]
49.83: [1843, 113, 3547, 1610.8, 110.8, 3431.5333333333333]
49.95: [1307, 110, 3579, 1637.7333333333333, 110.8, 3419.0]
50.08: [1300, 109, 3669, 1614.6, 111.0, 3547.4666666666667]
50.2: [2455, 107, 3454, 1653.8, 110.86666666666666, 3507.4666666666667]
50.32: [1066, 111, 3855, 1615.8666666666666, 110.66666666666667, 3508.4]
50.43: [1797, 102, 4026, 1665.4, 109.46666666666667, 3524.4666666666667]
50.54: [1797, 102, 4026, 1670.0666666666666, 109.26666666666667, 3515.8]
