start of the program at 2023_05_04_15_08_57

side margin low is: 800 || side mrgin high is 1500 || border front is 500

0.11: tello takeoff
6.43: [1521, 2478, 3006]
6.54: [1522, 2477, 3002]
6.66: [1520, 2402, 3016]
6.79: [1532, 2258, 2983]
6.92: [1534, 2559, 2998]
7.05: [1539, 2402, 3007]
7.17: [1544, 2613, 3018]
7.29: [1545, 2622, 3011]
7.4: [1546, 2715, 3010]
7.51: [1544, 2581, 3012]
7.63: [1542, 2534, 3018]
7.75: [1535, 2408, 3002]
7.88: [1535, 2408, 3002]
8.0: [1528, 2345, 3002]
8.13: [1520, 2485, 3019]
8.25: [1504, 2412, 2999]
8.36: [1485, 2322, 3001]
8.48: [1459, 2557, 3013]
8.59: [1438, 2453, 3014]
8.7: [1428, 2546, 2979]
8.81: [1400, 2483, 2993]
8.92: [1390, 2206, 2982]
9.04: [1364, 2314, 2972]
9.16: [1350, 2648, 2988]
9.29: [1325, 2674, 2992]
9.41: [1298, 2064, 2956]
9.52: [1270, 2452, 2962]
9.65: [1246, 2415, 2970]
9.76: [1228, 2641, 2948]
9.88: [1208, 2288, 2962]
9.99: [1192, 2677, 2946]
10.11: [1154, 2295, 2929]
10.23: [1140, 2560, 2935]
10.35: [1111, 2803, 2954]
10.46: [1099, 2704, 2947]
10.57: [1077, 2820, 2929]
10.68: [1059, 2653, 2954]
10.8: [1043, 2389, 2940]
10.91: [1015, 2081, 2943]
11.02: [993, 2322, 2930]
11.15: [978, 2599, 2916]
11.28: [923, 2799, 2942]
11.4: [906, 2445, 2920]
11.52: [885, 2084, 2933]
11.64: [863, 2539, 2938]
11.76: [845, 2591, 2937]
11.89: [798, 2319, 2921]
11.99: [778, 2748, 2929]
12.1: [759, 2631, 2932]
12.22: [728, 2490, 2929]
12.34: [738, 2717, 2921]
12.45: [675, 2741, 2916]
12.57: [660, 2521, 2929]
12.69: [636, 2126, 2899]
12.81: [613, 2257, 2884]
12.94: [567, 1937, 2919]
13.07: [538, 2327, 2910]
13.19: [530, 3210, 2898]
13.31: [496, 2288, 2895]
13.31: rotating left
16.28: go against wall
16.38: [2481, 4122, 685, 2481.0, 4122.0, 685.0]
16.49: [2896, 4134, 678, 2688.5, 4128.0, 681.5]
16.62: [1548, 4137, 671, 2308.3333333333335, 4131.0, 678.0]
16.74: [949, 4130, 826, 1968.5, 4130.75, 715.0]
16.86: [1971, 4151, 651, 1969.0, 4134.8, 702.2]
16.98: [2705, 4167, 778, 2091.6666666666665, 4140.166666666667, 714.8333333333334]
17.08: [2326, 4160, 633, 2125.1428571428573, 4143.0, 703.1428571428571]
17.19: [2396, 4149, 632, 2159.0, 4143.75, 694.25]
17.32: [2366, 4163, 702, 2182.0, 4145.888888888889, 695.1111111111111]
17.45: [2481, 4180, 641, 2211.9, 4149.3, 689.7]
17.58: [3047, 4167, 640, 2287.818181818182, 4150.909090909091, 685.1818181818181]
17.7: [2471, 4178, 635, 2303.0833333333335, 4153.166666666667, 681.0]
17.82: [2365, 4185, 637, 2307.846153846154, 4155.615384615385, 677.6153846153846]
17.93: [2567, 4175, 644, 2326.3571428571427, 4157.0, 675.2142857142857]
18.03: [2810, 4111, 653, 2358.6, 4153.933333333333, 673.7333333333333]
18.15: [4243, 4130, 678, 2476.0666666666666, 4154.466666666666, 673.2666666666667]
18.27: [2336, 4055, 688, 2438.733333333333, 4149.2, 673.9333333333333]
18.39: [2470, 4083, 717, 2500.2, 4145.6, 677.0]
18.52: [2592, 4069, 722, 2609.733333333333, 4141.533333333334, 670.0666666666667]
18.64: [2738, 4079, 741, 2660.866666666667, 4136.733333333334, 676.0666666666667]
18.77: [2928, 3660, 807, 2675.733333333333, 4102.933333333333, 678.0]
18.9: [2542, 3343, 836, 2690.133333333333, 4048.4666666666667, 691.5333333333333]
19.01: [2445, 3649, 896, 2693.4, 4015.133333333333, 709.1333333333333]
19.12: [2556, 3907, 903, 2706.0666666666666, 3998.0666666666666, 722.5333333333333]
19.24: [2698, 3936, 913, 2720.5333333333333, 3981.8, 740.6666666666666]
19.37: [2487, 3748, 954, 2683.2, 3953.866666666667, 761.6]
19.49: [2402, 3576, 1021, 2678.6, 3913.733333333333, 787.3333333333334]
19.62: [1752, 3527, 1038, 2637.733333333333, 3869.866666666667, 814.0666666666667]
19.74: [2350, 3388, 1207, 2623.266666666667, 3817.4, 851.6]
19.87: [2280, 3625, 1073, 2587.9333333333334, 3785.0, 879.6]
19.99: [2242, 3596, 1084, 2454.5333333333333, 3749.4, 906.6666666666666]
20.11: [2256, 3456, 1109, 2449.2, 3709.4666666666667, 934.7333333333333]
20.22: [2207, 3208, 1116, 2431.6666666666665, 3651.133333333333, 961.3333333333334]
20.34: [2044, 3141, 1122, 2395.133333333333, 3589.266666666667, 988.0]
20.46: [2384, 3133, 1128, 2371.5333333333333, 3526.2, 1013.8]
20.56: [2307, 3102, 1127, 2330.133333333333, 3489.0, 1035.1333333333334]
20.67: [2170, 3104, 1131, 2305.3333333333335, 3473.0666666666666, 1054.8]
20.8: [2075, 3096, 1136, 2280.6666666666665, 3436.2, 1070.8]
20.91: [2137, 3096, 1143, 2252.733333333333, 3382.133333333333, 1086.8]
21.02: [1982, 3091, 1134, 2205.0, 3325.8, 1101.5333333333333]
21.15: [2126, 3070, 1165, 2180.9333333333334, 3280.6, 1115.6]
21.28: [1917, 3069, 1152, 2148.6, 3246.8, 1124.3333333333333]
21.4: [1948, 3090, 1158, 2161.6666666666665, 3217.6666666666665, 1132.3333333333333]
21.51: [2088, 3080, 1158, 2144.2, 3197.133333333333, 1129.0666666666666]
21.61: [1954, 3082, 1163, 2122.4666666666667, 3160.9333333333334, 1135.0666666666666]
21.74: [1901, 3086, 1150, 2099.733333333333, 3126.9333333333334, 1139.4666666666667]
21.87: [1901, 3086, 1150, 2076.0666666666666, 3102.266666666667, 1142.2]
21.99: [2083, 2291, 1149, 2067.8, 3041.133333333333, 1144.4]
22.12: [1843, 1878, 1148, 2054.4, 2956.9333333333334, 1146.1333333333334]
22.23: [1701, 1953, 1148, 2008.8666666666666, 2878.266666666667, 1147.4666666666667]
22.36: [1764, 3502, 1168, 1972.6666666666667, 2904.9333333333334, 1150.2]
22.49: [1877, 3704, 1153, 1953.1333333333334, 2944.9333333333334, 1151.6666666666667]
22.61: [1528, 3612, 1155, 1916.6666666666667, 2979.3333333333335, 1152.9333333333334]
22.72: [1659, 3651, 1154, 1884.8, 3016.3333333333335, 1153.6666666666667]
22.85: [1559, 3681, 1148, 1856.6, 3055.6666666666665, 1154.6]
22.98: [1685, 3693, 1152, 1827.2, 3097.2, 1153.7333333333333]
23.11: [1597, 3617, 1165, 1805.8666666666666, 3133.733333333333, 1154.6]
23.22: [1631, 3671, 1143, 1784.7333333333333, 3172.4666666666667, 1153.6]
23.35: [1569, 3681, 1152, 1750.1333333333334, 3212.5333333333333, 1153.2]
23.48: [1727, 3683, 1142, 1735.0, 3252.6, 1151.8]
23.59: [1946, 3680, 1145, 1738.0, 3292.2, 1151.4666666666667]
23.72: [1802, 3681, 1148, 1731.4, 3331.866666666667, 1151.3333333333333]
23.85: [1725, 3692, 1147, 1707.5333333333333, 3425.266666666667, 1151.2]
23.98: [1657, 3695, 1138, 1695.1333333333334, 3546.4, 1150.5333333333333]
24.11: [1422, 3690, 1141, 1676.5333333333333, 3662.2, 1150.0666666666666]
24.23: [1694, 3693, 1138, 1671.8666666666666, 3674.9333333333334, 1148.0666666666666]
24.34: [1610, 3710, 1139, 1654.0666666666666, 3675.3333333333335, 1147.1333333333334]
24.46: [1569, 3703, 1134, 1656.8, 3681.4, 1145.7333333333333]
24.57: [1615, 3717, 1138, 1653.8666666666666, 3685.8, 1144.6666666666667]
24.69: [1901, 3707, 1140, 1676.6666666666667, 3687.5333333333333, 1144.1333333333334]
24.8: [1419, 3702, 1137, 1658.9333333333334, 3688.133333333333, 1143.1333333333334]
24.92: [1794, 3699, 1132, 1672.0666666666666, 3693.6, 1140.9333333333334]
25.05: [1247, 3704, 1141, 1646.4666666666667, 3695.8, 1140.8]
25.17: [1570, 3703, 1134, 1646.5333333333333, 3697.266666666667, 1139.6]
25.29: [1667, 3695, 1137, 1642.5333333333333, 3698.0666666666666, 1139.2666666666667]
25.41: [1332, 3697, 1140, 1601.6, 3699.2, 1138.9333333333334]
25.52: [1296, 3700, 1142, 1567.8666666666666, 3700.4666666666667, 1138.5333333333333]
25.64: [1613, 3689, 1141, 1560.4, 3700.266666666667, 1138.1333333333334]
25.76: [1357, 3692, 1144, 1540.4, 3700.0666666666666, 1138.5333333333333]
25.87: [1261, 3665, 1141, 1529.6666666666667, 3698.4, 1138.5333333333333]
25.98: [2259, 3657, 1142, 1567.3333333333333, 3696.0, 1138.8]
26.09: [1188, 3657, 1145, 1539.2, 3692.4666666666667, 1139.2]
26.21: [1260, 3653, 1143, 1518.6, 3689.133333333333, 1139.8]
26.33: [1199, 3669, 1277, 1490.8666666666666, 3685.9333333333334, 1149.0666666666666]
26.45: [1281, 3666, 1128, 1449.5333333333333, 3683.2, 1148.2666666666667]
26.58: [1067, 3652, 1142, 1426.0666666666666, 3679.866666666667, 1148.6]
26.71: [1267, 3660, 1131, 1390.9333333333334, 3677.266666666667, 1148.5333333333333]
26.83: [1196, 3654, 1141, 1387.5333333333333, 3673.9333333333334, 1148.5333333333333]
26.95: [1169, 3664, 1141, 1360.8, 3671.3333333333335, 1149.0]
27.08: [1212, 3682, 1128, 1330.4666666666667, 3670.4666666666667, 1148.4]


27.2: [1969, 3686, 1124, 1372.9333333333334, 3669.733333333333, 1147.3333333333333]
27.32: [1562, 3681, 1120, 1390.6666666666667, 3668.4666666666667, 1145.8666666666666]
27.44: [1253, 3675, 1120, 1366.6666666666667, 3667.5333333333333, 1144.4666666666667]
27.57: [1253, 3675, 1120, 1359.7333333333333, 3666.4, 1142.8666666666666]
27.69: [989, 3674, 1103, 1341.6, 3667.0, 1140.3333333333333]
27.8: [1089, 3660, 1117, 1263.6, 3667.2, 1138.6666666666667]
27.91: [1060, 3683, 1115, 1255.0666666666666, 3668.9333333333334, 1136.6666666666667]
28.02: [1173, 3686, 1115, 1249.2666666666667, 3671.133333333333, 1134.8]
28.13: [1302, 3674, 1112, 1256.1333333333334, 3671.4666666666667, 1123.8]
28.23: [1864, 3682, 1111, 1295.0, 3672.5333333333333, 1122.6666666666667]
28.36: [801, 3672, 1106, 1277.2666666666667, 3673.866666666667, 1120.2666666666667]
28.49: [1321, 3671, 1096, 1280.8666666666666, 3674.6, 1117.9333333333334]
28.62: [835, 3681, 1084, 1256.8, 3676.4, 1114.1333333333334]
28.74: [1231, 3660, 1080, 1260.9333333333334, 3676.133333333333, 1110.0666666666666]
28.85: [1028, 3632, 1076, 1248.6666666666667, 3672.8, 1106.6]
28.97: [1415, 3707, 1083, 1211.7333333333333, 3674.2, 1103.8666666666666]
29.1: [1362, 3723, 1070, 1198.4, 3677.0, 1100.5333333333333]
29.22: [1570, 3720, 1069, 1219.5333333333333, 3680.0, 1097.1333333333334]
29.35: [900, 3723, 1070, 1196.0, 3683.2, 1093.8]
29.48: [523, 3719, 1070, 1164.9333333333334, 3686.2, 1091.6]
29.59: [625, 3737, 1059, 1134.0, 3691.3333333333335, 1087.7333333333333]
29.71: [1000, 3725, 1057, 1130.0, 3694.133333333333, 1083.8666666666666]
29.82: [625, 3724, 1062, 1093.4666666666667, 3696.6666666666665, 1080.3333333333333]
29.94: [801, 3728, 1061, 1060.0666666666666, 3700.266666666667, 1076.9333333333334]
30.05: [1464, 3732, 1061, 1033.4, 3703.6, 1073.6]
30.18: [529, 3723, 1050, 1015.2666666666667, 3707.0, 1069.8666666666666]
30.3: [877, 3702, 1046, 985.6666666666666, 3709.0666666666666, 1066.5333333333333]
30.42: [979, 3718, 1048, 995.2666666666667, 3711.5333333333333, 1064.1333333333334]
30.53: [571, 3735, 1044, 951.2666666666667, 3716.5333333333333, 1061.7333333333333]
30.65: [953, 3744, 1047, 946.2666666666667, 3724.0, 1059.8]
30.77: [627, 3772, 1051, 893.7333333333333, 3728.3333333333335, 1057.6666666666667]
30.9: [641, 3779, 1453, 845.6666666666666, 3732.0666666666666, 1083.2]
31.02: [428, 3765, 1129, 769.5333333333333, 3735.0666666666666, 1087.2]
31.14: [724, 3768, 1200, 757.8, 3738.0666666666666, 1095.8666666666666]
31.25: [793, 3766, 1127, 775.8, 3741.2, 1099.6666666666667]
31.37: [1225, 3774, 1322, 815.8, 3743.6666666666665, 1117.2]
31.48: [2226, 3783, 1406, 897.5333333333333, 3747.5333333333333, 1140.4666666666667]
31.59: [865, 3769, 1533, 913.5333333333333, 3750.5333333333333, 1171.8666666666666]
31.7: [1094, 3771, 1737, 933.0666666666667, 3753.4, 1216.9333333333334]
31.83: [971, 3785, 1752, 900.2, 3756.9333333333334, 1263.0]
31.96: [667, 3792, 1409, 909.4, 3761.5333333333333, 1286.9333333333334]
32.09: [2219, 3806, 1385, 998.8666666666667, 3768.4666666666667, 1309.5333333333333]
32.2: [388, 3818, 1752, 959.4666666666667, 3775.133333333333, 1356.4666666666667]
32.31: [845, 3824, 1117, 977.7333333333333, 3781.0666666666666, 1361.3333333333333]
32.43: [1240, 3824, 1617, 996.8666666666667, 3786.4, 1399.3333333333333]
32.55: [527, 3829, 2121, 990.2, 3790.2, 1470.6666666666667]
32.68: [867, 3855, 2047, 1005.2666666666667, 3795.266666666667, 1510.2666666666667]
32.8: [3056, 3886, 1737, 1180.4666666666667, 3803.3333333333335, 1550.8]
32.93: [4273, 3910, 3082, 1417.0666666666666, 3812.8, 1676.2666666666667]
33.06: [4273, 3910, 3082, 1649.0666666666666, 3822.4, 1806.6]
33.18: [4414, 3934, 1449, 1861.6666666666667, 3833.0666666666666, 1815.0666666666666]
33.3: [610, 3957, 1929, 1753.9333333333334, 3844.6666666666665, 1849.9333333333334]


33.42: [3983, 3972, 894, 1961.8, 3858.2, 1807.3333333333333]
33.53: [3867, 3995, 819, 2146.6666666666665, 3873.133333333333, 1746.1333333333334]
33.64: [3771, 4011, 2303, 2333.3333333333335, 3888.2, 1782.8666666666666]
33.75: [3019, 4034, 2229, 2490.133333333333, 3904.3333333333335, 1837.5333333333333]
33.86: [1486, 4055, 2947, 2441.266666666667, 3920.9333333333334, 1941.6666666666667]
33.97: [4418, 4109, 3705, 2709.9333333333334, 3940.3333333333335, 2071.866666666667]
34.1: [4192, 4124, 1463, 2933.0666666666666, 3960.3333333333335, 2094.9333333333334]
34.22: [3375, 4110, 1286, 3075.4, 3979.4, 2072.866666666667]
34.35: [3746, 4188, 2204, 3290.0, 4003.3333333333335, 2078.4]
34.47: [3374, 4214, 845, 3457.133333333333, 4027.266666666667, 1998.2666666666667]
34.6: [4242, 4225, 1539, 3536.2, 4049.866666666667, 1985.0666666666666]
34.72: [3419, 4231, 1486, 3479.266666666667, 4071.266666666667, 1878.6666666666667]
34.83: [3422, 4272, 958, 3422.5333333333333, 4095.4, 1737.0666666666666]
34.94: [3419, 4287, 1010, 3356.2, 4118.933333333333, 1707.8]
35.05: [3187, 4294, 709, 3528.0, 4141.4, 1626.4666666666667]
35.18: [3122, 4321, 573, 3470.6, 4164.666666666667, 1605.0666666666666]
35.29: [3386, 4349, 488, 3438.5333333333333, 4188.266666666666, 1583.0]
35.4: [3464, 4364, 467, 3418.0666666666666, 4211.8, 1460.6]
35.51: [3441, 4357, 452, 3446.2, 4233.333333333333, 1342.1333333333334]
35.62: [3417, 4382, 444, 3574.9333333333334, 4255.133333333333, 1175.2666666666667]
35.73: [3351, 4401, 444, 3503.8, 4274.6, 957.8666666666667]
35.85: [3068, 4376, 446, 3428.866666666667, 4291.4, 890.0666666666667]
35.96: [3349, 4347, 456, 3427.133333333333, 4307.2, 834.7333333333333]
36.07: [3477, 4371, 460, 3409.2, 4319.4, 718.4666666666667]
36.18: [3152, 4325, 473, 3394.4, 4326.8, 693.6666666666666]
36.3: [3217, 4343, 488, 3326.0666666666666, 4334.666666666667, 623.6]
36.41: [3276, 4304, 506, 3316.5333333333333, 4339.533333333334, 558.2666666666667]
36.53: [3380, 4289, 559, 3313.733333333333, 4340.666666666667, 531.6666666666666]
36.65: [3592, 4275, 578, 3325.266666666667, 4339.866666666667, 502.8666666666667]
36.78: [3442, 4244, 598, 3342.266666666667, 4336.533333333334, 495.46666666666664]
36.9: [3900, 4194, 620, 3394.133333333333, 4328.066666666667, 498.6]
37.01: [3614, 4181, 645, 3409.3333333333335, 4316.866666666667, 509.06666666666666]
37.14: [3814, 4139, 662, 3432.6666666666665, 4301.866666666667, 522.0666666666667]
37.27: [3220, 4046, 705, 3417.9333333333334, 4281.133333333333, 538.9333333333333]
37.39: [3465, 4081, 710, 3421.133333333333, 4261.066666666667, 556.6666666666666]
37.5: [3239, 3387, 755, 3413.6666666666665, 4193.466666666666, 577.4]
37.63: [3575, 3509, 774, 3447.4666666666667, 4135.666666666667, 599.2666666666667]
37.76: [3742, 3887, 799, 3473.6666666666665, 4105.0, 622.1333333333333]
37.89: [3508, 3729, 823, 3475.733333333333, 4062.2, 646.3333333333334]
38.01: [3679, 3668, 848, 3510.866666666667, 4018.4, 671.3333333333334]
38.13: [3633, 3763, 979, 3538.6, 3979.733333333333, 704.0666666666667]
38.26: [3512, 3633, 916, 3554.3333333333335, 3935.0, 731.4]
38.38: [3668, 3517, 943, 3573.5333333333333, 3883.5333333333333, 757.0]
38.51: [3545, 3656, 997, 3570.4, 3842.266666666667, 784.9333333333333]
38.63: [3641, 3452, 1012, 3583.6666666666665, 3789.4666666666667, 812.5333333333333]
38.76: [3699, 3281, 1015, 3570.266666666667, 3728.6, 838.8666666666667]
38.89: [3522, 3274, 1032, 3564.133333333333, 3668.133333333333, 864.6666666666666]
39.01: [3633, 3260, 1025, 3552.0666666666666, 3609.5333333333333, 888.8666666666667]
39.13: [3560, 3237, 1026, 3574.733333333333, 3555.6, 910.2666666666667]
39.26: [3449, 3201, 1028, 3573.6666666666665, 3496.9333333333334, 931.4666666666667]
39.39: [3476, 3217, 1024, 3589.4666666666667, 3485.6, 949.4]
39.52: [3540, 3238, 1024, 3587.133333333333, 3467.5333333333333, 966.0666666666667]
39.64: [3571, 3236, 1023, 3575.733333333333, 3424.133333333333, 981.0]
39.77: [3427, 3236, 1011, 3570.3333333333335, 3391.266666666667, 993.5333333333333]
39.89: [3434, 3237, 1006, 3554.0, 3362.5333333333333, 1004.0666666666667]
40.0: [3425, 3241, 1009, 3540.133333333333, 3327.733333333333, 1006.0666666666667]
40.13: [3171, 3243, 1010, 3517.4, 3301.733333333333, 1012.3333333333334]
40.24: [3345, 3242, 1002, 3495.866666666667, 3283.4, 1016.2666666666667]
40.35: [3370, 3248, 1006, 3484.2, 3256.2, 1016.8666666666667]
40.48: [3328, 3255, 989, 3463.3333333333335, 3243.0666666666666, 1015.3333333333334]
40.6: [3316, 3256, 998, 3437.8, 3241.4, 1014.2]
40.71: [3140, 2942, 991, 3412.3333333333335, 3219.266666666667, 1011.4666666666667]
40.82: [3128, 3718, 990, 3378.6666666666665, 3249.8, 1009.1333333333333]
40.92: [3189, 3675, 987, 3353.9333333333334, 3279.0, 1006.5333333333333]
41.03: [3215, 3657, 1088, 3338.3333333333335, 3309.4, 1010.5333333333333]
41.15: [3122, 3644, 1019, 3314.733333333333, 3337.866666666667, 1010.2]
41.28: [3140, 3473, 1010, 3288.0666666666666, 3353.5333333333333, 1009.2666666666667]
41.4: [3096, 3175, 1003, 3256.4, 3349.4666666666667, 1007.9333333333333]
41.51: [3133, 3820, 1006, 3236.8, 3388.4, 1007.6]
41.62: [3017, 3637, 1004, 3209.0, 3415.0666666666666, 1007.4666666666667]
41.74: [3011, 3621, 1000, 3181.4, 3440.4, 1006.8666666666667]
41.86: [2962, 3784, 1000, 3167.4666666666667, 3476.4666666666667, 1006.2]
41.97: [2982, 3663, 998, 3143.266666666667, 3504.5333333333333, 1005.9333333333333]
42.09: [2935, 3829, 997, 3114.266666666667, 3543.266666666667, 1005.3333333333334]

42.2: [3007, 3858, 998, 3092.866666666667, 3583.4666666666667, 1005.9333333333333]
42.31: [2936, 3845, 998, 3067.5333333333333, 3622.733333333333, 1005.9333333333333]
42.42: [2962, 3852, 1000, 3055.6666666666665, 3683.4, 1006.5333333333333]
42.53: [2916, 3852, 1003, 3041.5333333333333, 3692.3333333333335, 1007.4]
42.65: [2806, 3854, 1001, 3016.0, 3704.266666666667, 1008.3333333333334]
42.76: [2810, 3858, 999, 2989.0, 3717.6666666666665, 1002.4]
42.89: [2763, 3851, 994, 2965.0666666666666, 3731.4666666666667, 1000.7333333333333]
43.0: [2785, 3857, 996, 2941.4, 3757.0666666666666, 999.8]
43.13: [2795, 3854, 991, 2921.3333333333335, 3802.3333333333335, 999.0]
43.24: [2691, 3869, 988, 2891.866666666667, 3805.6, 997.8]
43.35: [2646, 3862, 989, 2867.133333333333, 3820.6, 996.8]
43.46: [2671, 3868, 980, 2844.4666666666667, 3837.0666666666666, 995.4666666666667]
43.57: [2547, 3866, 977, 2816.8, 3842.5333333333333, 993.9333333333333]
43.69: [2551, 3866, 974, 2788.0666666666666, 3856.0666666666666, 992.3333333333334]
43.82: [2545, 3877, 966, 2762.0666666666666, 3859.266666666667, 990.2666666666667]
43.95: [2531, 3884, 963, 2730.3333333333335, 3861.0, 987.9333333333333]
44.07: [2531, 3884, 963, 2703.3333333333335, 3863.6, 985.6]
44.18: [2494, 3884, 958, 2672.133333333333, 3865.733333333333, 982.8]
44.3: [2497, 3884, 951, 2644.2, 3867.866666666667, 979.3333333333334]
44.41: [2484, 3895, 949, 2622.733333333333, 3870.6, 975.8666666666667]
44.52: [2483, 3896, 947, 2600.9333333333334, 3873.133333333333, 972.4]
44.65: [2454, 3898, 942, 2580.3333333333335, 3876.266666666667, 968.9333333333333]
44.78: [2419, 3903, 938, 2555.9333333333334, 3879.3333333333335, 965.0666666666667]
44.9: [2384, 3902, 935, 2528.5333333333333, 3882.5333333333333, 961.3333333333334]
45.01: [2362, 3902, 933, 2506.6, 3884.733333333333, 957.6666666666666]
45.14: [2338, 3912, 930, 2486.0666666666666, 3888.0666666666666, 953.7333333333333]
45.27: [2293, 3914, 925, 2460.866666666667, 3891.133333333333, 950.0666666666667]
45.4: [2265, 3916, 918, 2442.0666666666666, 3894.4666666666667, 946.1333333333333]
45.52: [2248, 3921, 917, 2421.866666666667, 3898.133333333333, 942.3333333333334]
45.64: [2231, 3923, 916, 2400.9333333333334, 3901.2, 939.0]
45.76: [2209, 3923, 912, 2379.4666666666667, 3903.8, 935.6]
45.87: [2155, 3933, 909, 2354.4, 3907.0666666666666, 932.0]
46.0: [2111, 3930, 899, 2328.866666666667, 3910.133333333333, 928.0666666666667]
46.13: [2083, 3942, 897, 2301.266666666667, 3914.0, 924.4666666666667]
46.25: [2065, 3939, 896, 2273.3333333333335, 3916.9333333333334, 920.9333333333333]
46.36: [2035, 3942, 892, 2243.4666666666667, 3920.0, 917.2666666666667]
46.47: [2025, 3940, 889, 2214.866666666667, 3922.8, 913.7333333333333]
46.58: [1999, 3954, 887, 2186.866666666667, 3926.2, 910.3333333333334]
46.71: [1963, 3952, 882, 2158.8, 3929.5333333333333, 906.8]
46.83: [1913, 3951, 881, 2128.866666666667, 3932.8, 903.3333333333334]
46.96: [1896, 3956, 878, 2099.4, 3935.733333333333, 899.8666666666667]
47.07: [1875, 3963, 878, 2071.5333333333333, 3939.0, 896.7333333333333]
47.19: [1859, 3955, 872, 2044.4666666666667, 3941.6, 893.6666666666666]
47.31: [1838, 3959, 878, 2017.1333333333334, 3944.133333333333, 891.0666666666667]
47.42: [1811, 3963, 875, 1989.1333333333334, 3946.8, 888.3333333333334]
47.54: [1786, 3961, 877, 1960.9333333333334, 3949.3333333333335, 886.0]
47.66: [1721, 3968, 876, 1932.0, 3951.6666666666665, 883.8]
47.78: [1697, 3964, 877, 1904.4, 3953.9333333333334, 882.3333333333334]
47.91: [1679, 3969, 876, 1877.4666666666667, 3955.733333333333, 880.9333333333333]
48.02: [1651, 3915, 879, 1849.8666666666666, 3954.133333333333, 879.8]
48.14: [1631, 3962, 878, 1822.9333333333334, 3955.4666666666667, 878.8666666666667]
48.26: [1603, 3964, 877, 1794.8, 3957.0666666666666, 878.0666666666667]
48.38: [1551, 3961, 880, 1764.9333333333334, 3957.5333333333333, 877.6]
48.51: [1512, 3957, 878, 1734.8666666666666, 3957.866666666667, 877.3333333333334]
48.63: [1489, 2505, 876, 1706.6, 3861.4666666666667, 877.0]
48.73: [1460, 2473, 877, 1677.5333333333333, 3762.6, 876.9333333333333]
48.84: [1441, 3570, 875, 1648.6, 3736.4, 876.7333333333333]
48.96: [1417, 3905, 874, 1619.1333333333334, 3733.0666666666666, 876.8666666666667]
49.08: [1385, 3961, 872, 1588.9333333333334, 3733.2, 876.4666666666667]
49.19: [1364, 3962, 873, 1559.1333333333334, 3733.133333333333, 876.3333333333334]
49.3: [1341, 3969, 872, 1529.4666666666667, 3733.6666666666665, 876.0]
49.41: [1317, 3969, 869, 1502.5333333333333, 3733.733333333333, 875.5333333333333]
49.51: [1247, 3973, 867, 1472.5333333333333, 3734.3333333333335, 874.8666666666667]
49.63: [1220, 3976, 868, 1441.9333333333334, 3734.8, 874.3333333333334]
49.74: [1190, 3988, 867, 1411.2, 3739.6666666666665, 873.5333333333333]
49.87: [1170, 3978, 866, 1380.4666666666667, 3740.733333333333, 872.7333333333333]
50.0: [1142, 3983, 863, 1349.7333333333333, 3742.0, 871.8]
50.13: [1114, 3984, 862, 1320.6, 3743.5333333333333, 870.6]
50.24: [1091, 3984, 859, 1292.5333333333333, 3745.3333333333335, 869.3333333333334]
50.36: [1062, 3982, 854, 1264.0666666666666, 3843.8, 867.8666666666667]
50.49: [982, 3995, 845, 1232.2, 3945.266666666667, 865.7333333333333]
50.62: [953, 3987, 843, 1199.6666666666667, 3973.0666666666666, 863.6]
50.75: [924, 3992, 841, 1166.8, 3978.866666666667, 861.4]
50.88: [901, 3993, 833, 1134.5333333333333, 3981.0, 858.8]
51.0: [845, 3991, 831, 1099.9333333333334, 3982.9333333333334, 856.0]
51.1: [817, 3998, 829, 1065.0, 3984.866666666667, 853.1333333333333]
51.23: [766, 4001, 831, 1028.2666666666667, 3987.0, 850.6]
51.35: [743, 4001, 831, 994.6666666666666, 3988.866666666667, 848.2]
51.47: [720, 3999, 828, 961.3333333333334, 3990.4, 845.5333333333333]
51.59: [691, 4000, 828, 928.0666666666667, 3991.2, 842.9333333333333]
51.72: [646, 3986, 830, 893.1333333333333, 3991.733333333333, 840.5333333333333]
51.83: [625, 3977, 827, 858.6666666666666, 3991.3333333333335, 838.1333333333333]
51.95: [598, 3971, 826, 824.2666666666667, 3990.4666666666667, 835.7333333333333]
52.06: [576, 2196, 824, 789.9333333333333, 3871.266666666667, 833.4]
52.19: [529, 2099, 821, 754.4, 3745.733333333333, 831.2]
52.31: [506, 2087, 819, 722.6666666666666, 3618.5333333333333, 829.4666666666667]
52.43: [481, 2028, 813, 691.2, 3487.9333333333334, 827.4666666666667]
52.53: [429, 1861, 809, 658.2, 3345.866666666667, 825.3333333333334]
52.64: [402, 2014, 802, 624.9333333333333, 3213.9333333333334, 823.2666666666667]
52.77: [377, 2003, 803, 593.7333333333333, 3081.4, 821.4]
52.89: [351, 1910, 804, 562.6666666666666, 2942.2, 819.7333333333333]
53.01: [322, 1816, 798, 533.0666666666667, 2796.5333333333333, 817.5333333333333]
53.13: [269, 1916, 801, 501.46666666666664, 2657.5333333333333, 815.5333333333333]
53.24: [245, 1793, 800, 469.8, 2510.4666666666667, 813.6666666666666]


53.24: rotating left
55.67: go against wall
55.77: [1844, 2602, 223, 546.6666666666666, 2417.266666666667, 773.3333333333334]
55.88: [1875, 3432, 224, 628.6, 2380.3333333333335, 732.9333333333333]
56.0: [1856, 3172, 228, 710.6666666666666, 2326.6666666666665, 693.0]
56.11: [1883, 1957, 228, 796.3333333333334, 2192.4, 653.1333333333333]
56.23: [1840, 2513, 225, 880.6, 2213.5333333333333, 613.2]
56.34: [1837, 3175, 222, 967.8, 2285.266666666667, 573.2666666666667]
56.45: [1831, 1420, 219, 1056.1333333333334, 2240.8, 533.2666666666667]
56.58: [1790, 2449, 215, 1143.4, 2268.866666666667, 493.4]
56.7: [1807, 2418, 212, 1235.2666666666667, 2306.0, 453.6]
56.82: [1736, 2195, 204, 1324.2, 2318.0666666666666, 413.73333333333335]
56.94: [1699, 3136, 204, 1412.3333333333333, 2393.6, 373.8]
57.07: [1764, 2496, 201, 1506.5333333333333, 2432.6666666666665, 333.6]
57.18: [1706, 1875, 198, 1598.8, 2436.6, 293.6]
57.3: [1760, 3335, 191, 1698.2, 2531.2, 252.93333333333334]
57.41: [1766, 3503, 188, 1799.6, 2645.2, 212.13333333333333]
57.53: [1714, 3471, 180, 1790.9333333333334, 2703.133333333333, 209.26666666666668]
57.65: [1778, 3397, 179, 1784.4666666666667, 2700.8, 206.26666666666668]
57.76: [1771, 3621, 177, 1778.8, 2730.733333333333, 202.86666666666667]
57.89: [1797, 3152, 175, 1773.0666666666666, 2810.4, 199.33333333333334]
58.0: [1820, 4109, 182, 1771.7333333333333, 2916.8, 196.46666666666667]
58.11: [1848, 852, 191, 1772.4666666666667, 2761.9333333333334, 194.4]
58.22: [1844, 1289, 198, 1773.3333333333333, 2753.2, 193.0]
58.34: [1854, 3543, 207, 1777.6, 2826.133333333333, 192.46666666666667]
58.47: [1866, 3969, 221, 1781.5333333333333, 2929.5333333333333, 193.06666666666666]
58.6: [1873, 1982, 253, 1790.6666666666667, 2915.3333333333335, 196.33333333333334]
58.73: [1874, 1511, 269, 1802.3333333333333, 2807.0, 200.66666666666666]
58.86: [1856, 3657, 308, 1808.4666666666667, 2884.4, 207.8]
58.98: [1859, 2315, 333, 1818.6666666666667, 2913.733333333333, 216.8]
59.09: [1820, 1467, 370, 1822.6666666666667, 2789.2, 228.73333333333332]
59.21: [1801, 2584, 395, 1825.0, 2727.9333333333334, 242.53333333333333]
59.32: [1805, 3195, 416, 1831.0666666666666, 2709.5333333333333, 258.26666666666665]
59.43: [1689, 2255, 442, 1825.1333333333334, 2633.4, 275.8]
59.54: [1766, 3670, 478, 1824.8, 2636.6666666666665, 295.8666666666667]
59.66: [1739, 2357, 539, 1820.9333333333334, 2583.6666666666665, 320.1333333333333]
59.77: [1759, 1718, 569, 1816.8666666666666, 2424.266666666667, 345.93333333333334]
59.88: [1726, 3266, 592, 1808.7333333333333, 2585.2, 372.6666666666667]
59.99: [2874, 3952, 618, 1877.4, 2762.733333333333, 400.6666666666667]
60.12: [3437, 3141, 645, 1982.9333333333334, 2735.9333333333334, 429.8666666666667]
60.25: [3408, 2581, 699, 2085.733333333333, 2643.4, 461.73333333333335]
60.38: [3378, 2227, 722, 2186.0666666666666, 2659.733333333333, 493.0]
60.5: [3328, 2826, 777, 2283.0, 2747.4, 526.8666666666667]
60.61: [3301, 3557, 795, 2379.3333333333335, 2740.733333333333, 559.3333333333334]
60.74: [3274, 3909, 822, 2473.6666666666665, 2847.0, 591.9333333333333]
60.86: [3256, 3445, 845, 2569.4, 2978.866666666667, 623.6]
60.97: [3192, 2291, 897, 2662.133333333333, 2959.3333333333335, 657.0666666666667]
61.08: [3154, 3116, 923, 2752.0666666666666, 2954.0666666666666, 690.8666666666667]
61.2: [3122, 2434, 970, 2847.6, 2966.0, 726.0666666666667]
61.32: [3064, 2481, 990, 2934.133333333333, 2886.733333333333, 760.2]
61.44: [3031, 2727, 1007, 3020.266666666667, 2911.4, 791.4]
61.57: [3004, 2844, 1024, 3103.266666666667, 2986.4666666666667, 821.7333333333333]
61.68: [2966, 3018, 1040, 3185.9333333333334, 2969.9333333333334, 851.6]
61.8: [2914, 2924, 1062, 3188.6, 2901.4, 881.2]
61.91: [2891, 2807, 1073, 3152.2, 2879.133333333333, 909.7333333333333]
62.02: [2874, 3038, 1085, 3116.6, 2909.6, 935.4666666666667]
62.13: [2853, 2384, 1094, 3081.6, 2920.0666666666666, 960.2666666666667]
62.25: [2797, 2485, 1095, 3046.2, 2897.3333333333335, 981.4666666666667]
62.38: [2770, 3166, 1098, 3010.8, 2871.266666666667, 1001.6666666666666]
62.5: [2741, 2276, 1101, 2975.266666666667, 2762.4, 1020.2666666666667]
62.64: [2695, 2340, 1103, 2937.866666666667, 2688.733333333333, 1037.4666666666667]
62.75: [2653, 2236, 1100, 2901.9333333333334, 2685.0666666666666, 1051.0]
62.87: [2653, 2236, 1100, 2868.5333333333333, 2626.4, 1062.8]
62.98: [2627, 3477, 1101, 2835.5333333333333, 2695.9333333333334, 1071.5333333333333]
63.11: [2594, 1657, 1097, 2804.2, 2641.0, 1078.6666666666667]
63.24: [2542, 3392, 1093, 2771.6, 2685.3333333333335, 1084.4]
63.36: [2489, 2347, 1091, 2737.266666666667, 2652.2, 1088.8666666666666]
63.47: [2470, 2752, 1085, 2704.2, 2634.4666666666667, 1091.8666666666666]
63.6: [2441, 2261, 1083, 2672.6666666666665, 2590.266666666667, 1093.2666666666667]
63.73: [2412, 2816, 1075, 2640.733333333333, 2590.866666666667, 1093.4]
63.85: [2382, 2150, 1074, 2607.9333333333334, 2531.6666666666665, 1092.6666666666667]
63.98: [2349, 3983, 1071, 2574.3333333333335, 2638.266666666667, 1091.1333333333334]
64.1: [2277, 3428, 1061, 2539.6666666666665, 2701.133333333333, 1088.8666666666666]
64.21: [2254, 2650, 1057, 2505.266666666667, 2666.733333333333, 1086.1333333333334]
64.33: [2225, 2897, 1051, 2470.866666666667, 2708.133333333333, 1082.8]
64.45: [2194, 3356, 1038, 2437.4666666666667, 2775.866666666667, 1078.4666666666667]
64.56: [2167, 2746, 1033, 2405.0666666666666, 2809.866666666667, 1074.0]
64.67: [2139, 3337, 1027, 2370.8, 2883.266666666667, 1069.1333333333334]
64.8: [2116, 3104, 1017, 2336.733333333333, 2858.4, 1063.5333333333333]
64.91: [2040, 2317, 978, 2299.8, 2902.4, 1055.6]
65.03: [2013, 2840, 935, 2264.5333333333333, 2865.6, 1045.0666666666666]
65.16: [1982, 2335, 868, 2230.733333333333, 2864.8, 1030.2]
65.28: [1960, 2832, 722, 2196.733333333333, 2870.133333333333, 1006.0]
65.4: [1933, 1762, 668, 2162.866666666667, 2836.866666666667, 978.3333333333334]
65.51: [1907, 3488, 645, 2129.2, 2881.6666666666665, 949.6666666666666]
65.62: [1879, 2473, 641, 2095.6666666666665, 2903.2, 920.8]
65.73: [1858, 2533, 659, 2062.9333333333334, 2806.5333333333333, 893.3333333333334]
65.86: [1766, 2657, 663, 2028.8666666666666, 2755.133333333333, 866.8]
65.98: [1742, 2211, 635, 1994.7333333333333, 2725.866666666667, 838.6666666666666]
66.09: [1713, 2372, 629, 1960.6, 2690.866666666667, 810.5333333333333]
66.22: [1694, 2692, 639, 1927.2666666666667, 2646.6, 783.9333333333333]
66.33: [1666, 2585, 656, 1893.8666666666666, 2635.866666666667, 758.8]
66.44: [1635, 3829, 679, 1860.2666666666667, 2668.6666666666665, 735.6]
66.56: [1606, 2729, 700, 1826.2666666666667, 2643.6666666666665, 714.4666666666667]
66.67: [1578, 2622, 732, 1795.4666666666667, 2664.0, 698.0666666666667]
66.79: [1499, 2775, 785, 1761.2, 2659.6666666666665, 688.0666666666667]
66.9: [1472, 2697, 850, 1727.2, 2683.8, 686.8666666666667]
67.01: [1439, 3142, 824, 1692.4666666666667, 2704.4666666666667, 693.6666666666666]
67.13: [1408, 2118, 838, 1657.4666666666667, 2728.2, 705.0]
67.26: [1376, 2957, 867, 1622.0666666666666, 2692.8, 719.8]
67.38: [1352, 3464, 891, 1586.9333333333334, 2758.866666666667, 736.4666666666667]
67.51: [1329, 2718, 925, 1551.6666666666667, 2771.2, 754.2]
67.63: [1280, 2026, 972, 1519.2666666666667, 2729.133333333333, 774.8]
67.74: [1225, 2651, 983, 1484.8, 2758.4666666666667, 798.0]
67.86: [1199, 2608, 993, 1450.5333333333333, 2774.2, 822.2666666666667]
67.98: [1167, 2927, 1009, 1415.4, 2789.866666666667, 846.9333333333333]
68.09: [1185, 2827, 1027, 1383.3333333333333, 2806.0, 871.6666666666666]
68.19: [1090, 1697, 1070, 1347.0, 2663.866666666667, 897.7333333333333]
68.29: [1090, 1697, 1070, 1312.6, 2595.0666666666666, 922.4]
68.42: [1074, 2597, 1094, 1279.0, 2593.4, 946.5333333333333]
68.54: [1054, 2420, 1117, 1249.3333333333333, 2569.733333333333, 968.6666666666666]
68.66: [1023, 3013, 1136, 1219.4, 2590.8, 987.7333333333333]
68.77: [938, 2335, 1177, 1186.0, 2537.0, 1011.2666666666667]
68.9: [927, 1987, 1203, 1153.9333333333334, 2528.266666666667, 1035.6]
69.01: [923, 2357, 1229, 1123.7333333333333, 2488.266666666667, 1059.7333333333333]
69.12: [868, 2092, 1250, 1091.4666666666667, 2396.8, 1083.6666666666667]
69.24: [836, 2201, 1254, 1058.6, 2362.3333333333335, 1105.6]
69.34: [819, 2207, 1246, 1027.8666666666666, 2374.4, 1123.8666666666666]
69.45: [787, 2190, 1220, 998.6666666666666, 2343.6666666666665, 1139.6666666666667]
69.58: [785, 2201, 1192, 971.0666666666667, 2316.5333333333333, 1152.9333333333334]
69.7: [700, 2168, 1157, 939.9333333333333, 2265.9333333333334, 1162.8]
69.83: [682, 2162, 1157, 906.4, 2221.6, 1171.4666666666667]
69.95: [688, 2173, 1166, 879.6, 2253.3333333333335, 1177.8666666666666]
70.08: [660, 2151, 1158, 850.9333333333333, 2283.6, 1183.7333333333333]
70.21: [598, 2147, 1141, 819.2, 2253.6, 1186.8666666666666]
70.33: [562, 2173, 1038, 786.4, 2237.133333333333, 1181.6]
70.45: [512, 2171, 941, 752.3333333333334, 2181.0, 1168.6]
70.56: [478, 2175, 932, 721.6666666666666, 2170.3333333333335, 1152.2666666666667]
70.68: [579, 2176, 872, 698.4666666666667, 2182.9333333333334, 1130.2]
70.8: [422, 2174, 852, 665.0666666666667, 2170.733333333333, 1105.0666666666666]
70.91: [427, 2202, 843, 635.6666666666666, 2178.0666666666666, 1077.9333333333334]
71.03: [414, 2193, 842, 607.5333333333333, 2177.5333333333333, 1050.4666666666667]
71.15: [356, 2199, 929, 576.6666666666666, 2177.0, 1029.3333333333333]
71.28: [300, 2200, 1089, 544.2, 2177.6666666666665, 1020.6]
71.39: [286, 2200, 1109, 510.93333333333334, 2177.6, 1015.0666666666667]
71.5: [264, 2235, 1124, 481.8666666666667, 2182.0666666666666, 1012.8666666666667]
71.5: rotating left
74.31: go against wall
74.41: [2256, 4276, 311, 586.8, 2323.0, 956.4666666666667]
74.53: [2245, 4407, 310, 690.6, 2471.9333333333334, 899.4]
74.64: [2241, 4347, 304, 796.0, 2618.3333333333335, 842.4666666666667]
74.76: [2227, 4397, 292, 904.6, 2768.3333333333335, 785.8666666666667]
74.88: [2279, 4350, 288, 1019.0666666666667, 2913.4666666666667, 735.8666666666667]
75.0: [2247, 4363, 294, 1134.7333333333333, 3059.6, 692.7333333333333]
75.12: [2276, 4376, 301, 1254.6, 3206.3333333333335, 650.6666666666666]
75.23: [2276, 4318, 295, 1367.7333333333333, 3349.133333333333, 612.2]
75.35: [2264, 4340, 280, 1490.5333333333333, 3493.5333333333333, 574.0666666666667]
75.45: [2256, 4386, 271, 1612.4666666666667, 3639.133333333333, 535.9333333333333]
75.57: [2268, 4432, 282, 1736.0666666666666, 3788.4, 498.6]
75.69: [2289, 4410, 269, 1864.9333333333334, 3935.8, 454.6]
75.82: [2277, 4430, 289, 1996.7333333333333, 4084.4666666666667, 401.26666666666665]
75.95: [2259, 4317, 287, 2128.266666666667, 4225.6, 346.46666666666664]
76.08: [2258, 4357, 296, 2261.2, 4367.066666666667, 291.26666666666665]
76.2: [2241, 4446, 308, 2260.2, 4378.4, 291.06666666666666]
76.33: [2191, 4335, 311, 2256.6, 4373.6, 291.1333333333333]
76.45: [2191, 4335, 311, 2253.266666666667, 4372.8, 291.6]
76.56: [2196, 4278, 316, 2251.2, 4364.866666666667, 293.2]
76.67: [2157, 4338, 331, 2243.0666666666666, 4364.066666666667, 296.06666666666666]
76.77: [2149, 4380, 344, 2236.5333333333333, 4365.2, 299.4]
76.88: [2150, 4359, 352, 2228.133333333333, 4364.066666666667, 302.8]
77.01: [2116, 4317, 369, 2217.4666666666667, 4364.0, 307.73333333333335]
77.13: [2115, 4353, 379, 2207.5333333333333, 4364.866666666667, 314.3333333333333]
77.25: [2023, 4356, 385, 2192.0, 4362.866666666667, 321.93333333333334]
77.37: [2087, 4267, 396, 2179.9333333333334, 4351.866666666667, 329.53333333333336]
77.48: [2077, 4427, 408, 2165.8, 4353.0, 338.8]
77.59: [2070, 4360, 420, 2152.0, 4348.333333333333, 347.53333333333336]
77.72: [2036, 4310, 443, 2137.133333333333, 4347.866666666667, 357.93333333333334]
77.83: [1997, 4257, 476, 2119.733333333333, 4341.2, 369.93333333333334]
77.96: [1991, 4250, 495, 2103.0666666666666, 4328.133333333333, 382.4]
78.08: [1988, 4165, 504, 2089.5333333333333, 4316.8, 395.26666666666665]
78.21: [1952, 4321, 523, 2073.6, 4315.866666666667, 409.4]
78.33: [1921, 4245, 536, 2055.266666666667, 4313.666666666667, 424.06666666666666]
78.45: [1885, 4086, 568, 2037.1333333333334, 4296.866666666667, 439.8666666666667]
78.55: [1863, 4196, 589, 2018.0666666666666, 4284.6, 456.2]
78.67: [1852, 4219, 617, 1998.2, 4275.266666666666, 473.8666666666667]
78.79: [1831, 4152, 626, 1979.2, 4264.266666666666, 491.0]
78.89: [1817, 4142, 646, 1959.3333333333333, 4250.2, 508.8]
79.0: [1811, 4099, 663, 1945.2, 4233.066666666667, 527.3333333333334]
79.13: [1801, 4059, 682, 1926.1333333333334, 4219.2, 546.4]
79.25: [1781, 4138, 707, 1906.4, 4199.933333333333, 566.3333333333334]
79.38: [1771, 4082, 731, 1886.4666666666667, 4181.4, 587.0666666666667]
79.51: [1731, 4006, 794, 1866.1333333333334, 4161.133333333333, 610.4666666666667]
79.63: [1732, 4010, 803, 1848.4666666666667, 4144.666666666667, 632.2666666666667]
79.75: [1707, 4041, 840, 1829.5333333333333, 4130.733333333334, 655.2666666666667]
79.88: [1683, 4007, 859, 1809.2, 4120.2, 678.9333333333333]
80.0: [1791, 3968, 892, 1798.4666666666667, 4096.666666666667, 703.5333333333333]
80.13: [1825, 3972, 931, 1792.0666666666666, 4078.4666666666667, 729.8666666666667]
80.24: [2091, 3944, 936, 1805.8, 4069.0, 754.4]
80.37: [2482, 3904, 950, 1847.0666666666666, 4049.5333333333333, 778.4666666666667]
80.48: [2739, 3875, 961, 1906.2, 4026.6, 801.4]
80.6: [2690, 3878, 969, 1963.4666666666667, 4008.3333333333335, 824.2666666666667]
80.71: [3201, 3887, 981, 2055.733333333333, 3991.3333333333335, 846.6]
80.82: [2378, 3800, 986, 2093.5333333333333, 3971.4, 868.1333333333333]
80.94: [2812, 3901, 993, 2160.9333333333334, 3960.866666666667, 888.8666666666667]
81.07: [2337, 3898, 983, 2198.0, 3944.866666666667, 907.2666666666667]
81.2: [1776, 3802, 987, 2198.3333333333335, 3926.2, 924.3333333333334]
81.32: [1893, 3817, 977, 2209.133333333333, 3913.6, 936.5333333333333]
81.43: [2127, 3886, 989, 2235.4666666666667, 3905.3333333333335, 948.9333333333333]
81.55: [3472, 3899, 983, 2353.133333333333, 3895.866666666667, 958.4666666666667]
81.68: [1585, 3892, 969, 2346.6, 3888.2, 965.8]
81.8: [2641, 3911, 978, 2403.266666666667, 3884.4, 971.5333333333333]
81.91: [1723, 3871, 968, 2396.4666666666667, 3877.6666666666665, 974.0]
82.03: [1836, 3900, 969, 2379.4666666666667, 3874.733333333333, 976.2]
82.15: [2669, 3908, 966, 2391.9333333333334, 3875.0, 977.2666666666667]
82.28: [1553, 3899, 962, 2312.866666666667, 3876.6, 977.3333333333334]
82.4: [3048, 3839, 954, 2336.733333333333, 3874.0, 976.3333333333334]
82.51: [1319, 3925, 951, 2211.266666666667, 3876.5333333333333, 974.3333333333334]
82.63: [2953, 3824, 944, 2249.6, 3878.133333333333, 971.5333333333333]
82.74: [1944, 3954, 936, 2191.733333333333, 3881.6666666666665, 967.7333333333333]
82.85: [1643, 3884, 936, 2145.4666666666667, 3880.733333333333, 964.6]
82.97: [3507, 3886, 922, 2260.866666666667, 3886.3333333333335, 960.2666666666667]
83.1: [2880, 3813, 928, 2326.6666666666665, 3886.0666666666666, 957.0]
83.23: [3194, 3851, 923, 2397.8, 3883.733333333333, 952.6]
83.36: [3390, 3882, 913, 2392.3333333333335, 3882.6, 947.9333333333333]
83.48: [3393, 3936, 898, 2512.866666666667, 3885.5333333333333, 943.2]
83.59: [2856, 3923, 891, 2527.2, 3886.3333333333335, 937.4]
83.72: [3202, 3891, 887, 2625.8, 3887.6666666666665, 932.0]
83.85: [3107, 3785, 875, 2710.5333333333333, 3880.0, 925.7333333333333]
83.97: [3167, 3987, 873, 2743.733333333333, 3885.266666666667, 919.5333333333333]
84.09: [1335, 3825, 867, 2729.2, 3880.3333333333335, 913.2]
84.22: [3439, 3854, 861, 2755.266666666667, 3881.3333333333335, 907.0]
84.35: [3089, 3666, 851, 2873.266666666667, 3864.0666666666666, 900.3333333333334]
84.48: [3043, 3922, 842, 2879.266666666667, 3870.6, 893.5333333333333]
84.58: [3689, 3605, 836, 2995.6, 3847.3333333333335, 886.8666666666667]
84.71: [2547, 3800, 829, 3055.866666666667, 3841.733333333333, 879.7333333333333]
84.83: [2772, 3905, 826, 3006.866666666667, 3843.0, 873.3333333333334]
84.94: [2656, 4017, 822, 2991.9333333333334, 3856.6, 866.2666666666667]
85.05: [3129, 3816, 828, 2987.6, 3854.266666666667, 859.9333333333333]
85.16: [2833, 3891, 816, 2950.4666666666667, 3854.866666666667, 853.4666666666667]
85.27: [2586, 4002, 842, 2896.6666666666665, 3859.266666666667, 849.7333333333333]
85.38: [2698, 3438, 827, 2886.133333333333, 3826.9333333333334, 845.4666666666667]
85.5: [3125, 3995, 822, 2881.0, 3833.866666666667, 841.1333333333333]
85.62: [2701, 4127, 819, 2853.9333333333334, 3856.6666666666665, 837.4]
85.74: [3042, 3916, 811, 2845.6, 3851.9333333333334, 833.2666666666667]
85.85: [2907, 3639, 812, 2950.4, 3839.5333333333333, 829.6]
85.97: [2799, 3708, 811, 2907.733333333333, 3829.8, 826.2666666666667]
86.08: [3903, 3863, 813, 2962.0, 3842.9333333333334, 823.7333333333333]
86.2: [2652, 3881, 814, 2935.9333333333334, 3840.2, 821.8666666666667]
86.33: [4132, 4072, 806, 2965.4666666666667, 3871.3333333333335, 819.8666666666667]
86.45: [3325, 4058, 632, 3017.3333333333335, 3888.5333333333333, 806.7333333333333]
86.56: [2422, 4054, 189, 2994.0, 3898.4666666666667, 764.2666666666667]
86.68: [2989, 4053, 226, 3016.2, 3900.866666666667, 724.5333333333333]
86.81: [2799, 4060, 214, 2994.2, 3917.133333333333, 683.6]
86.94: [2573, 4062, 216, 2976.866666666667, 3928.5333333333333, 643.6]
87.06: [2775, 4058, 211, 2989.4666666666667, 3932.266666666667, 601.5333333333333]
87.19: [2925, 4063, 215, 3004.6, 3973.9333333333334, 560.7333333333333]
87.31: [3227, 4056, 209, 3011.4, 3978.0, 519.8666666666667]
87.43: [2304, 4058, 218, 2984.9333333333334, 3973.4, 479.8]
87.55: [2832, 4049, 243, 2970.9333333333334, 3982.266666666667, 441.93333333333334]
87.66: [2582, 4031, 256, 2949.266666666667, 4008.4, 404.8666666666667]
87.79: [2689, 4003, 264, 2941.9333333333334, 4028.0666666666666, 368.4]
87.9: [1989, 3979, 278, 2814.3333333333335, 4035.8, 332.73333333333335]
88.01: [2806, 3947, 324, 2824.6, 4040.2, 300.06666666666666]
88.14: [2742, 3928, 1038, 2731.9333333333334, 4030.6, 315.53333333333336]
88.26: [3640, 3914, 434, 2752.9333333333334, 4021.0, 302.3333333333333]
88.38: [2679, 3939, 500, 2770.0666666666666, 4013.3333333333335, 323.06666666666666]
88.49: [2673, 3914, 571, 2749.0, 4004.0666666666666, 346.06666666666666]
88.61: [2989, 3869, 798, 2761.6666666666665, 3991.3333333333335, 385.0]
88.74: [2669, 3834, 1036, 2768.0666666666666, 3976.133333333333, 439.6666666666667]
88.86: [3162, 3821, 1057, 2793.866666666667, 3960.3333333333335, 496.06666666666666]
88.97: [2696, 3801, 1075, 2778.6, 3942.866666666667, 553.4]
89.09: [2883, 3785, 1091, 2755.6666666666665, 3924.8, 612.2]
89.21: [2672, 3784, 1108, 2780.2, 3906.5333333333333, 671.5333333333333]
89.33: [2577, 3761, 1105, 2763.2, 3887.3333333333335, 729.0]
89.44: [2506, 3754, 1111, 2758.133333333333, 3868.866666666667, 786.0]
89.55: [1358, 3256, 1143, 2669.4, 3819.0666666666666, 844.6]
89.68: [2742, 3024, 1161, 2719.6, 3755.4, 903.4666666666667]
89.8: [1425, 1852, 1162, 2627.5333333333333, 3615.733333333333, 959.3333333333334]
89.92: [2149, 3750, 1165, 2588.0, 3603.866666666667, 967.8]
90.05: [2093, 3247, 1177, 2484.866666666667, 3559.4, 1017.3333333333334]
90.16: [1284, 3698, 1175, 2391.866666666667, 3543.3333333333335, 1062.3333333333333]
90.29: [1722, 3856, 1171, 2328.4666666666667, 3539.4666666666667, 1102.3333333333333]
90.41: [1608, 3292, 1183, 2236.4, 3501.0, 1128.0]
90.52: [1684, 2315, 1163, 2170.733333333333, 3399.733333333333, 1136.4666666666667]
90.63: [1307, 4094, 1158, 2047.0666666666666, 3417.9333333333334, 1143.2]
90.73: [1962, 3730, 1158, 1998.1333333333334, 3413.2, 1148.7333333333333]
90.85: [1833, 4112, 1157, 1928.1333333333334, 3435.0, 1153.1333333333334]
90.97: [1208, 3180, 1159, 1830.5333333333333, 3394.733333333333, 1156.5333333333333]
91.09: [2004, 2709, 1156, 1792.3333333333333, 3324.6, 1159.9333333333334]
91.21: [2832, 3478, 1139, 1814.0666666666666, 3306.2, 1161.8]
91.34: [2338, 1984, 1132, 1879.4, 3221.4, 1161.0666666666666]
91.47: [1183, 3980, 1135, 1775.4666666666667, 3285.133333333333, 1159.3333333333333]
91.58: [1856, 3142, 1128, 1804.2, 3371.133333333333, 1157.0666666666666]
91.7: [1755, 1434, 1113, 1777.9333333333334, 3216.733333333333, 1153.6]
91.81: [2411, 2710, 1105, 1799.1333333333334, 3180.9333333333334, 1148.8]
91.92: [1094, 3405, 1108, 1786.4666666666667, 3161.4, 1144.3333333333333]
92.05: [1954, 2614, 1086, 1801.9333333333334, 3078.6, 1138.6666666666667]
92.17: [2103, 3486, 1078, 1834.9333333333334, 3091.5333333333333, 1131.6666666666667]
92.29: [2555, 4430, 1062, 1893.0, 3232.5333333333333, 1124.9333333333334]
92.42: [1694, 4247, 1055, 1918.8, 3242.733333333333, 1118.0666666666666]
92.54: [1694, 4247, 1055, 1900.9333333333334, 3277.2, 1111.2]
92.64: [1528, 3752, 1054, 1880.6, 3253.2, 1104.3333333333333]
92.75: [1726, 4364, 1047, 1915.1333333333334, 3332.133333333333, 1096.8666666666666]
92.87: [1749, 4265, 1034, 1898.1333333333334, 3435.866666666667, 1088.7333333333333]
92.99: [2485, 4248, 1032, 1875.0, 3487.2, 1081.6]
93.11: [2656, 4432, 1016, 1896.2, 3650.4, 1073.8666666666666]
93.21: [2496, 4441, 1022, 1983.7333333333333, 3681.133333333333, 1066.3333333333333]
93.34: [2447, 4352, 1021, 2023.1333333333334, 3761.8, 1059.2]
93.46: [2613, 2921, 1011, 2080.3333333333335, 3860.9333333333334, 1052.4]
93.58: [2049, 4498, 1014, 2056.2, 3980.133333333333, 1046.3333333333333]
93.69: [1987, 4284, 1010, 2115.733333333333, 4038.733333333333, 1039.8]
93.8: [2589, 4413, 1003, 2158.0666666666666, 4158.666666666667, 1034.2666666666667]
93.91: [2468, 4001, 999, 2182.4, 4193.0, 1029.0]
94.02: [2338, 4322, 993, 2167.9333333333334, 4185.8, 1024.4]
94.13: [2409, 4385, 993, 2215.6, 4195.0, 1020.2666666666667]
94.24: [2510, 4197, 994, 2270.0, 4191.666666666667, 1016.2]
94.35: [2405, 4294, 975, 2328.4666666666667, 4227.8, 1010.9333333333333]
94.46: [2266, 4382, 964, 2364.4666666666667, 4229.0, 1005.4]
94.59: [2047, 4388, 969, 2384.3333333333335, 4237.2, 1001.0666666666667]
94.71: [2308, 3832, 958, 2372.5333333333333, 4209.466666666666, 996.1333333333333]
94.84: [2429, 4321, 958, 2357.4, 4202.066666666667, 992.2666666666667]
94.96: [2332, 114, 961, 2346.4666666666667, 3913.6, 988.2]
95.08: [2244, 3081, 946, 2332.9333333333334, 3828.866666666667, 983.2]
95.2: [2157, 4445, 942, 2302.5333333333333, 3930.4666666666667, 978.6]
95.31: [2163, 4428, 933, 2310.133333333333, 3925.8, 973.2]
95.43: [2232, 4461, 940, 2326.4666666666667, 3937.6, 968.5333333333333]
95.56: [2134, 4385, 924, 2296.133333333333, 3935.733333333333, 963.2666666666667]
95.68: [2121, 4579, 925, 2273.0, 3974.266666666667, 958.3333333333334]
95.8: [2092, 4436, 928, 2256.6, 3981.866666666667, 954.0]
95.91: [2102, 4522, 902, 2236.133333333333, 3991.0, 947.9333333333333]
96.02: [2059, 4128, 909, 2206.0666666666666, 3986.4, 942.2666666666667]
96.14: [2006, 2436, 892, 2179.4666666666667, 3862.5333333333333, 936.7333333333333]
96.25: [2017, 3782, 903, 2162.866666666667, 3822.5333333333333, 932.6666666666666]
96.36: [1980, 3264, 896, 2158.4, 3747.6, 927.8]
96.49: [1822, 4132, 887, 2126.0, 3767.6, 923.0666666666667]
96.62: [1932, 4385, 880, 2092.866666666667, 3771.866666666667, 917.8666666666667]
96.74: [1826, 3889, 880, 2059.133333333333, 4023.5333333333333, 912.4666666666667]
96.84: [1811, 3909, 875, 2030.2666666666667, 4078.733333333333, 907.7333333333333]
96.95: [1830, 3964, 865, 2008.4666666666667, 4046.6666666666665, 902.6]
97.08: [1876, 3958, 860, 1989.3333333333333, 4015.3333333333335, 897.7333333333333]
97.2: [1838, 3958, 856, 1963.0666666666666, 3981.8, 892.1333333333333]
97.31: [1778, 3952, 849, 1939.3333333333333, 3952.9333333333334, 887.1333333333333]
97.42: [1781, 3960, 843, 1916.6666666666667, 3911.6666666666665, 881.6666666666666]
97.54: [1730, 3979, 859, 1892.5333333333333, 3881.2, 877.0666666666667]
97.65: [1713, 3999, 837, 1866.6, 3846.3333333333335, 872.7333333333333]
97.78: [1694, 4000, 834, 1842.2666666666667, 3837.8, 867.7333333333333]
97.9: [1621, 4009, 835, 1816.6, 3942.6666666666665, 863.9333333333333]
98.01: [1666, 3977, 836, 1793.2, 3955.6666666666665, 859.4666666666667]
98.13: [1603, 3990, 811, 1768.0666666666666, 4004.0666666666666, 853.8]
98.24: [1607, 3997, 813, 1753.7333333333333, 3995.0666666666666, 848.8666666666667]
98.36: [1574, 4012, 812, 1729.8666666666666, 3970.2, 844.3333333333334]
98.47: [1497, 4010, 806, 1707.9333333333334, 3978.266666666667, 839.4]
98.58: [1498, 4006, 805, 1687.0666666666666, 3984.733333333333, 834.7333333333333]
98.69: [1490, 4000, 814, 1664.4, 3987.133333333333, 831.3333333333334]
98.82: [1413, 4005, 810, 1633.5333333333333, 3990.266666666667, 828.0]
98.94: [1409, 4007, 811, 1604.9333333333334, 3993.5333333333333, 825.0]
99.07: [1378, 4016, 798, 1578.2666666666667, 3997.8, 821.6]
99.19: [1356, 4000, 797, 1549.9333333333334, 4000.4666666666667, 818.5333333333333]
99.31: [1315, 4023, 785, 1522.2666666666667, 4003.4, 813.6]
99.43: [1322, 4018, 780, 1496.2, 4004.6666666666665, 809.8]
99.54: [1250, 4006, 775, 1466.6, 4005.0666666666666, 805.8666666666667]
99.67: [1212, 4040, 794, 1439.3333333333333, 4007.133333333333, 803.1333333333333]
99.79: [1207, 4025, 792, 1408.7333333333333, 4010.3333333333335, 800.2]
99.91: [1188, 4035, 794, 1381.0666666666666, 4013.3333333333335, 799.0666666666667]
100.02: [1084, 4029, 808, 1346.2, 4015.4666666666667, 798.7333333333333]
100.13: [761, 4001, 808, 1292.0, 4014.733333333333, 798.4666666666667]
100.23: [3286, 3995, 807, 1411.2666666666667, 4013.733333333333, 798.5333333333333]
100.35: [4426, 3972, 855, 1606.4666666666667, 4011.4666666666667, 801.8666666666667]
100.48: [3968, 3936, 874, 1771.6666666666667, 4007.2, 805.8666666666667]
100.59: [4233, 3931, 893, 1959.6666666666667, 4002.266666666667, 811.4]
100.71: [3980, 3937, 894, 2131.0666666666666, 3997.6, 816.9333333333333]
100.82: [4137, 3913, 931, 2315.0, 3990.733333333333, 825.8]
100.95: [4240, 3927, 936, 2507.266666666667, 3985.866666666667, 835.0666666666667]
101.07: [4172, 3922, 947, 2697.733333333333, 3979.133333333333, 845.8666666666667]
101.2: [3864, 3912, 944, 2867.2, 3972.0666666666666, 856.8]
101.32: [4108, 3898, 953, 3057.733333333333, 3964.866666666667, 868.6666666666666]
101.45: [4230, 3852, 973, 3258.9333333333334, 3952.3333333333335, 880.6]
101.57: [4093, 3842, 957, 3451.3333333333335, 3940.133333333333, 891.6]
101.7: [4098, 3876, 964, 3645.3333333333335, 3929.5333333333333, 902.9333333333333]
101.82: [3936, 3866, 970, 3835.4666666666667, 3918.6666666666665, 913.7333333333333]
101.94: [4015, 3884, 960, 4052.4, 3910.866666666667, 923.8666666666667]
102.04: [4098, 3888, 952, 4106.533333333334, 3903.733333333333, 933.5333333333333]
102.16: [4066, 3871, 949, 4082.5333333333333, 3897.0, 939.8]
102.28: [3881, 3869, 951, 4076.733333333333, 3892.5333333333333, 944.9333333333333]
102.4: [3993, 3875, 949, 4060.733333333333, 3888.8, 948.6666666666666]
102.51: [3957, 3893, 943, 4059.2, 3885.866666666667, 951.9333333333333]
102.62: [3999, 3889, 936, 4050.0, 3884.266666666667, 952.2666666666667]
102.72: [3776, 3900, 941, 4019.0666666666666, 3882.4666666666667, 952.6]
102.84: [3697, 3884, 937, 3987.4, 3879.9333333333334, 951.9333333333333]
102.95: [3926, 3911, 932, 3991.5333333333333, 3879.866666666667, 951.1333333333333]
103.08: [3908, 3932, 910, 3978.2, 3882.133333333333, 948.2666666666667]
103.19: [3754, 3937, 906, 3946.4666666666667, 3887.8, 943.8]
103.3: [3854, 3928, 1009, 3930.5333333333333, 3893.5333333333333, 947.2666666666667]
103.42: [3856, 3940, 966, 3914.4, 3897.8, 947.4]
103.52: [3464, 3974, 929, 3882.9333333333334, 3905.0, 944.6666666666666]
103.64: [3250, 4256, 935, 3831.9333333333334, 3929.8, 943.0]
103.76: [3296, 2384, 838, 3778.4666666666667, 3829.5333333333333, 935.4]
103.86: [3431, 3419, 501, 3736.133333333333, 3799.4, 905.5333333333333]
103.99: [3772, 3419, 432, 3728.866666666667, 3769.4, 870.9333333333333]
104.1: [3172, 4105, 410, 3674.133333333333, 3784.733333333333, 835.0]
104.21: [3062, 3314, 423, 3614.4666666666667, 3746.133333333333, 800.3333333333334]
104.33: [3171, 4069, 467, 3559.266666666667, 3758.133333333333, 769.0666666666667]
104.45: [3627, 3016, 977, 3549.3333333333335, 3699.2, 771.4666666666667]
104.58: [3491, 2034, 960, 3535.6, 3575.866666666667, 773.0]
104.71: [3443, 2931, 382, 3503.4, 3510.5333333333333, 736.3333333333334]
104.84: [3500, 2423, 467, 3476.2, 3409.9333333333334, 706.8]
104.96: [3481, 2435, 474, 3458.0, 3309.8, 678.0]
105.06: [3412, 3803, 454, 3428.5333333333333, 3301.4666666666667, 641.0]
105.17: [3394, 3704, 473, 3397.733333333333, 3285.733333333333, 608.1333333333333]
105.29: [3425, 3815, 463, 3395.133333333333, 3275.133333333333, 577.0666666666667]
105.42: [3347, 3811, 614, 3401.6, 3245.4666666666667, 555.6666666666666]
105.54: [3370, 3814, 539, 3406.5333333333333, 3340.8, 535.7333333333333]
105.66: [3376, 3806, 514, 3402.866666666667, 3366.6, 536.6]
105.79: [3310, 3777, 534, 3372.0666666666666, 3390.4666666666667, 543.4]
105.9: [3274, 3765, 557, 3378.866666666667, 3367.8, 553.2]
106.01: [3237, 3748, 560, 3390.5333333333333, 3396.733333333333, 562.3333333333334]
106.14: [3242, 3730, 575, 3395.266666666667, 3374.133333333333, 569.5333333333333]
106.26: [3195, 3723, 611, 3366.4666666666667, 3421.266666666667, 545.1333333333333]
106.38: [3176, 3688, 752, 3345.4666666666667, 3531.5333333333333, 531.2666666666667]
106.5: [3146, 3676, 873, 3325.6666666666665, 3581.2, 564.0]
106.63: [3084, 3632, 1053, 3297.9333333333334, 3661.8, 603.0666666666667]
106.76: [3055, 3615, 1117, 3269.5333333333333, 3740.4666666666667, 645.9333333333333]
106.87: [3036, 3593, 1147, 3244.4666666666667, 3726.4666666666667, 692.1333333333333]
106.98: [2999, 3587, 1206, 3218.133333333333, 3718.6666666666665, 741.0]
107.1: [2962, 3567, 1269, 3187.266666666667, 3702.133333333333, 794.7333333333333]
107.23: [2912, 3545, 1315, 3158.266666666667, 3684.4, 841.4666666666667]
107.36: [2838, 3524, 1384, 3122.8, 3665.0666666666666, 897.8]
107.49: [2746, 3521, 1400, 3080.8, 3646.0666666666666, 956.8666666666667]
107.6: [2747, 3510, 1381, 3043.266666666667, 3628.266666666667, 1013.3333333333334]
107.71: [2712, 3514, 1376, 3005.8, 3611.5333333333333, 1067.9333333333334]
107.82: [2703, 3496, 1405, 2970.2, 3594.733333333333, 1124.2666666666667]
107.93: [2639, 3487, 1413, 2930.0, 3578.5333333333333, 1180.1333333333334]
108.05: [2586, 3512, 1388, 2889.4, 3564.4666666666667, 1231.9333333333334]
108.17: [2587, 3500, 1406, 2850.133333333333, 3551.9333333333334, 1275.5333333333333]
108.3: [2570, 3502, 1381, 2811.733333333333, 3540.3333333333335, 1309.4]
108.42: [2453, 3508, 1369, 2769.6666666666665, 3532.0666666666666, 1330.4666666666667]
108.55: [2453, 3508, 1369, 2729.5333333333333, 3524.9333333333334, 1347.2666666666667]
108.67: [2462, 3488, 1369, 2691.266666666667, 3517.9333333333334, 1362.0666666666666]
108.8: [2431, 3536, 1364, 2653.4, 3514.5333333333333, 1372.6]
108.91: [2394, 3537, 1345, 2615.5333333333333, 3512.5333333333333, 1377.6666666666667]
109.02: [2375, 3534, 1336, 2579.733333333333, 3511.8, 1379.0666666666666]
109.14: [2365, 3533, 1341, 2548.2, 3512.4, 1376.2]
109.25: [2307, 3535, 1335, 2518.9333333333334, 3513.3333333333335, 1371.8666666666666]
109.38: [2288, 3545, 1330, 2488.3333333333335, 3515.6666666666665, 1368.4666666666667]
109.5: [2287, 3544, 1321, 2460.0, 3517.6666666666665, 1364.8]
109.61: [2248, 3542, 1308, 2429.6666666666665, 3520.733333333333, 1358.3333333333333]
109.73: [2231, 3799, 1322, 2402.4666666666667, 3541.5333333333333, 1352.2666666666667]
109.86: [2207, 3331, 1308, 2377.2, 3529.4666666666667, 1346.9333333333334]
109.98: [2203, 1511, 1310, 2351.6, 3396.866666666667, 1340.5333333333333]
110.1: [2173, 4121, 1307, 2325.133333333333, 3438.133333333333, 1335.6]
110.21: [2148, 3177, 1292, 2304.8, 3416.0666666666666, 1330.4666666666667]
110.32: [2103, 2487, 1288, 2281.4666666666667, 3348.0, 1325.0666666666666]
110.45: [2074, 3102, 1295, 2255.6, 3322.266666666667, 1320.1333333333334]
110.57: [2062, 3090, 1267, 2231.0, 3292.5333333333333, 1313.6666666666667]
110.68: [2044, 4195, 1264, 2207.6666666666665, 3336.4, 1308.2666666666667]
110.79: [2022, 4117, 1285, 2184.133333333333, 3375.266666666667, 1304.8666666666666]
110.9: [1991, 4305, 1286, 2159.2, 3426.733333333333, 1301.2]
111.01: [1980, 4272, 1265, 2137.4, 3475.866666666667, 1296.5333333333333]
111.13: [1928, 4224, 1263, 2113.4, 3521.133333333333, 1292.0666666666666]
111.25: [1907, 4365, 1268, 2088.0666666666666, 3575.866666666667, 1288.5333333333333]
111.38: [1885, 4389, 1265, 2063.866666666667, 3632.3333333333335, 1285.6666666666667]
111.51: [1865, 4295, 1256, 2039.4666666666667, 3665.4, 1281.2666666666667]
111.64: [1821, 4411, 1257, 2013.7333333333333, 3737.4, 1277.8666666666666]
111.75: [1807, 4152, 1265, 1987.3333333333333, 3913.4666666666667, 1274.8666666666666]
111.88: [1784, 4096, 1244, 1961.4, 3911.8, 1270.6666666666667]
112.0: [1758, 4082, 1235, 1935.4, 3972.133333333333, 1266.8666666666666]
112.13: [1709, 4398, 1235, 1909.1333333333334, 4099.533333333334, 1263.3333333333333]
112.25: [1654, 4212, 1325, 1881.1333333333334, 4173.533333333334, 1265.3333333333333]
112.36: [1633, 4310, 1271, 1852.5333333333333, 4254.866666666667, 1265.6]
112.47: [1605, 4441, 1228, 1823.2666666666667, 4271.266666666666, 1263.2]
112.59: [1576, 4243, 1228, 1793.5333333333333, 4279.666666666667, 1259.4]
112.71: [1551, 4359, 1228, 1764.2, 4283.266666666666, 1255.5333333333333]
112.84: [1528, 4351, 1224, 1734.0666666666666, 4288.533333333334, 1252.8]
112.96: [1497, 3191, 1223, 1705.3333333333333, 4219.666666666667, 1250.1333333333334]
113.08: [1414, 4278, 1221, 1672.4666666666667, 4213.866666666667, 1247.0]
113.2: [1390, 4276, 1218, 1639.4666666666667, 4206.333333333333, 1243.8666666666666]
113.31: [1360, 4259, 1228, 1605.8, 4203.933333333333, 1242.0]
113.42: [1337, 4374, 1230, 1573.5333333333333, 4201.466666666666, 1240.2]
113.54: [1308, 4316, 1233, 1540.2666666666667, 4212.4, 1238.0666666666666]
113.66: [1281, 4393, 1241, 1506.7333333333333, 4232.2, 1237.8666666666666]
113.79: [1232, 3793, 1249, 1471.6666666666667, 4212.933333333333, 1238.8]
113.9: [1180, 3936, 1249, 1436.4, 4182.133333333333, 1239.7333333333333]
114.01: [1152, 3623, 1255, 1402.9333333333334, 4142.866666666667, 1235.0666666666666]
114.13: [1123, 3622, 1273, 1368.9333333333334, 4097.0, 1235.2]
114.25: [1100, 3846, 1285, 1335.2666666666667, 4057.3333333333335, 1239.0]
114.36: [1068, 272, 1278, 1301.4, 3792.6, 1242.3333333333333]
114.48: [1042, 148, 1278, 1267.4666666666667, 3511.866666666667, 1245.6666666666667]
114.61: [1020, 207, 1278, 1233.6, 3235.6, 1249.2666666666667]
114.73: [990, 314, 1258, 1199.8, 3043.8, 1251.6]
114.86: [923, 368, 1183, 1167.0666666666666, 2783.133333333333, 1249.0666666666666]
114.99: [902, 208, 1159, 1134.5333333333333, 2511.9333333333334, 1245.1333333333334]
115.11: [880, 207, 1129, 1102.5333333333333, 2241.8, 1238.5333333333333]
115.24: [856, 296, 1098, 1070.4666666666667, 1969.9333333333334, 1229.7333333333333]
115.36: [833, 408, 1070, 1038.8, 1709.4, 1218.8666666666666]
115.49: [788, 582, 1020, 1005.9333333333333, 1455.3333333333333, 1204.1333333333334]
115.61: [764, 3833, 986, 974.7333333333333, 1458.0, 1186.6]
115.74: [716, 3710, 946, 943.8, 1442.9333333333334, 1166.4]
115.85: [693, 3848, 919, 913.2, 1457.9333333333334, 1144.0]
115.96: [669, 3840, 897, 882.9333333333333, 1472.4666666666667, 1118.9333333333334]
116.07: [643, 3774, 877, 852.4666666666667, 1467.6666666666667, 1091.7333333333333]
116.18: [618, 3726, 853, 822.4666666666667, 1697.9333333333334, 1063.4]
116.31: [567, 3810, 807, 790.8, 1942.0666666666666, 1032.0]
116.44: [544, 3824, 785, 759.0666666666667, 2183.2, 999.1333333333333]
116.56: [520, 3736, 733, 727.7333333333333, 2411.3333333333335, 964.1333333333333]
116.69: [476, 3785, 703, 697.9333333333333, 2639.133333333333, 932.1333333333333]
116.8: [462, 3754, 683, 668.6, 2875.5333333333333, 900.4]
116.9: [439, 3493, 661, 639.2, 3094.6, 869.2]
117.01: [415, 3798, 641, 609.8, 3328.0666666666666, 838.7333333333333]
117.13: [370, 3355, 609, 578.9333333333333, 3524.5333333333333, 808.0]
117.25: [347, 3624, 599, 549.5333333333333, 3727.3333333333335, 779.9333333333333]
117.38: [323, 3514, 575, 520.1333333333333, 3706.0666666666666, 752.5333333333333]
117.51: [302, 3547, 559, 492.53333333333336, 3695.2, 726.7333333333333]
117.51: rotating left
119.5: go against wall
119.6: [3565, 3038, 273, 684.0, 3641.2, 683.6666666666666]
119.72: [3394, 3092, 282, 865.6666666666666, 3591.3333333333335, 642.6666666666666]
119.85: [2834, 3190, 301, 1011.7333333333333, 3552.4, 604.2666666666667]
119.98: [1402, 3202, 309, 1064.0, 3517.4666666666667, 568.0]
120.1: [866, 3210, 317, 1083.9333333333334, 3477.4666666666667, 535.3333333333334]
120.21: [864, 3194, 328, 1105.2666666666667, 3435.4666666666667, 504.8666666666667]
120.33: [819, 1876, 342, 1125.2, 3311.4666666666667, 478.8]
120.44: [799, 1736, 351, 1146.7333333333333, 3174.866666666667, 455.3333333333333]
120.56: [736, 1679, 408, 1165.0, 3036.5333333333333, 437.0]
120.68: [697, 1630, 449, 1182.2, 2912.3333333333335, 422.8666666666667]
120.81: [662, 1430, 502, 1198.6666666666667, 2754.4666666666667, 413.6]
120.94: [631, 1100, 607, 1216.0666666666666, 2604.133333333333, 413.46666666666664]
121.06: [609, 907, 788, 1233.5333333333333, 2423.0, 426.06666666666666]
121.19: [2590, 642, 3682, 1384.6666666666667, 2231.5333333333333, 633.2]
121.32: [2873, 598, 3814, 1556.0666666666666, 2034.9333333333334, 850.2]
121.45: [2913, 591, 1216, 1512.6, 1871.8, 913.0666666666667]
121.57: [3001, 623, 920, 1486.4, 1707.2, 955.6]
121.68: [3056, 650, 927, 1501.2, 1537.8666666666666, 997.3333333333334]
121.78: [3022, 651, 842, 1609.2, 1367.8, 1032.8666666666666]
121.89: [2999, 630, 882, 1751.4, 1195.8, 1070.5333333333333]
122.01: [2823, 659, 4178, 1882.0, 1026.8, 1327.2]
122.13: [2926, 797, 3669, 2022.4666666666667, 954.8666666666667, 1549.0]
122.24: [432, 934, 2120, 1998.0, 901.4, 1666.9333333333334]
122.37: [389, 1141, 1464, 1974.8666666666666, 865.5333333333333, 1737.3333333333333]
122.5: [401, 1494, 1072, 1955.1333333333334, 856.4666666666667, 1778.8666666666666]
122.63: [421, 1757, 729, 1939.0666666666666, 878.2666666666667, 1794.0]
122.75: [537, 2986, 632, 1932.8, 1004.0, 1795.6666666666667]
122.86: [524, 2962, 644, 1927.1333333333334, 1141.0, 1786.0666666666666]
122.97: [494, 2885, 668, 1787.4, 1290.5333333333333, 1585.1333333333334]
123.1: [417, 863, 688, 1623.6666666666667, 1308.2, 1376.7333333333333]
123.2: [362, 241, 716, 1453.6, 1284.8666666666666, 1343.4]
123.31: [302, 199, 748, 1273.6666666666667, 1256.6, 1331.9333333333334]
123.42: [240, 187, 817, 1085.9333333333334, 1225.7333333333333, 1324.6]
123.55: [175, 149, 859, 896.1333333333333, 1192.2666666666667, 1325.7333333333333]
123.66: [143, 141, 885, 705.7333333333333, 1159.6666666666667, 1325.9333333333334]
123.79: [136, 143, 903, 526.6, 1125.2666666666667, 1107.6]
123.9: [137, 151, 920, 340.6666666666667, 1082.2, 924.3333333333334]
123.9: rotating left
